0 0.12375 0.865 0.0475 0.05
0 0.88875 0.63375 0.0625 0.0775
0 0.0475 0.96125 0.06 0.0575
0 0.78125 0.74125 0.0625 0.0825
0 0.84375 0.74375 0.0575 0.0525
0 0.15625 0.4825 0.2025 0.215
0 0.85375 0.37875 0.1275 0.1525
0 0.8025 0.605 0.085 0.115
0 0.955 0.1475 0.09 0.13
0 0.96 0.5725 0.08 0.1
0 0.8175 0.85875 0.11 0.0975
0 0.90625 0.775 0.0525 0.06
0 0.95375 0.69375 0.0725 0.0775
0 0.71125 0.76 0.0975 0.105
0 0.5225 0.44625 0.085 0.1075
0 0.43 0.1525 0.095 0.095
0 0.3825 0.265 0.105 0.13
0 0.38625 0.39 0.1075 0.095
0 0.425 0.51125 0.13 0.1475
0 0.415 0.63625 0.065 0.0725
0 0.04 0.8225 0.075 0.085
0 0.34 0.11875 0.07 0.0975
0 0.07 0.09125 0.135 0.1525
0 0.78625 0.2425 0.1275 0.155
0 0.49 0.79625 0.15 0.1625
