0 0.03125 0.05625 0.0575 0.0775
0 0.96625 0.965 0.0675 0.07
0 0.87 0.32625 0.065 0.0825
0 0.55125 0.96375 0.0725 0.0725
0 0.96 0.6675 0.08 0.13
0 0.4525 0.245 0.06 0.07
0 0.39875 0.3875 0.1025 0.085
0 0.6425 0.22375 0.07 0.0675
0 0.03375 0.275 0.0625 0.105
0 0.11625 0.46875 0.0675 0.0525
0 0.68125 0.04625 0.1075 0.0725
0 0.1125 0.35375 0.095 0.1025
0 0.15625 0.10875 0.1075 0.1025
0 0.75875 0.23125 0.1125 0.1125
0 0.67125 0.73125 0.1375 0.1375
0 0.09 0.87375 0.055 0.0625
0 0.21875 0.7 0.0725 0.065
0 0.10625 0.78 0.0975 0.1
0 0.115 0.60125 0.13 0.1275
0 0.51 0.67125 0.145 0.1575
0 0.3175 0.20375 0.09 0.1075
0 0.22875 0.2475 0.1025 0.11
0 0.66375 0.905 0.1775 0.185
0 0.93875 0.17625 0.1225 0.1675
0 0.69625 0.49875 0.1975 0.2525
0 0.07 0.1875 0.06 0.07
0 0.23625 0.92125 0.0825 0.0725
0 0.40125 0.7425 0.0825 0.1
0 0.8675 0.625 0.105 0.16
0 0.4925 0.0725 0.12 0.115
0 0.52875 0.1825 0.0975 0.11
0 0.3075 0.6625 0.1 0.125
0 0.36 0.86 0.135 0.115
0 0.2525 0.05125 0.07 0.0925
0 0.70875 0.14375 0.1125 0.1125
