0 0.37625 0.855 0.0475 0.05
0 0.5975 0.76 0.045 0.05
0 0.9475 0.02125 0.065 0.0375
0 0.19875 0.08875 0.0425 0.0475
0 0.2125 0.03625 0.055 0.0525
0 0.49125 0.3 0.0525 0.07
0 0.465 0.47875 0.08 0.0875
0 0.2725 0.805 0.06 0.065
0 0.16375 0.6725 0.0425 0.05
0 0.83875 0.685 0.0375 0.04
0 0.91875 0.68375 0.0425 0.0425
0 0.96875 0.62125 0.0525 0.0475
0 0.97 0.66875 0.045 0.0475
0 0.29625 0.5175 0.0375 0.045
0 0.58 0.5025 0.055 0.055
0 0.82 0.45125 0.07 0.0575
0 0.4625 0.80375 0.05 0.0475
0 0.40375 0.805 0.0375 0.045
0 0.45375 0.86125 0.0575 0.0525
0 0.50125 0.8775 0.0475 0.045
0 0.28375 0.875 0.0425 0.05
0 0.04625 0.7525 0.0625 0.065
0 0.13625 0.05 0.0675 0.07
0 0.305 0.22125 0.05 0.0525
0 0.275 0.35625 0.045 0.0475
0 0.3175 0.41 0.065 0.065
0 0.6225 0.565 0.055 0.055
0 0.96375 0.91 0.0725 0.09
0 0.66875 0.9725 0.0675 0.055
0 0.86125 0.98125 0.0425 0.0375
0 0.745 0.89625 0.045 0.0525
0 0.9325 0.74 0.06 0.07
0 0.55625 0.40375 0.0775 0.0925
0 0.6625 0.73 0.06 0.055
0 0.63875 0.85875 0.0575 0.0675
0 0.7525 0.82375 0.05 0.0675
0 0.39375 0.75125 0.0675 0.0525
0 0.45375 0.7625 0.0525 0.045
0 0.42625 0.70375 0.0475 0.0575
0 0.47875 0.7025 0.0475 0.045
0 0.54125 0.6775 0.0725 0.085
0 0.65875 0.63 0.0775 0.075
0 0.52625 0.79625 0.0575 0.0575
0 0.32625 0.81 0.0525 0.065
0 0.3175 0.745 0.05 0.045
0 0.1475 0.355 0.08 0.08
0 0.21 0.37 0.07 0.08
0 0.32875 0.16125 0.0725 0.0825
0 0.335 0.07 0.06 0.055
0 0.38875 0.1175 0.0475 0.05
0 0.40125 0.26 0.0425 0.055
0 0.24875 0.21125 0.0475 0.0475
0 0.04375 0.4075 0.0725 0.065
0 0.05625 0.27625 0.0675 0.0625
0 0.25875 0.125 0.0475 0.05
0 0.25875 0.295 0.0675 0.075
0 0.225 0.50125 0.095 0.0725
0 0.05 0.8275 0.075 0.09
0 0.045 0.96375 0.075 0.0725
0 0.4775 0.15375 0.055 0.0525
0 0.455 0.365 0.04 0.04
0 0.185 0.14375 0.065 0.0475
0 0.155 0.89375 0.1 0.0875
0 0.46 0.955 0.13 0.09
0 0.15125 0.19375 0.0725 0.0725
0 0.22375 0.61875 0.0925 0.0825
0 0.20375 0.785 0.0575 0.055
0 0.8225 0.9275 0.04 0.045
0 0.81625 0.2075 0.0575 0.065
0 0.7825 0.385 0.085 0.09
0 0.73 0.5775 0.08 0.095
0 0.77125 0.675 0.0775 0.08
0 0.8325 0.75375 0.125 0.0975
0 0.3425 0.6325 0.08 0.07
0 0.65125 0.02875 0.0675 0.0525
0 0.53125 0.06375 0.1275 0.1025
0 0.68375 0.0925 0.0625 0.07
0 0.54375 0.31375 0.0625 0.0775
0 0.62375 0.29375 0.0975 0.1025
0 0.73875 0.29875 0.1175 0.1175
0 0.86125 0.56875 0.1725 0.1925
