0 0.7975 0.55125 0.06 0.0725
0 0.5025 0.915 0.065 0.07
0 0.8125 0.83125 0.045 0.0575
0 0.9675 0.22375 0.065 0.0875
0 0.95625 0.3075 0.0875 0.105
0 0.26625 0.21375 0.0325 0.0275
0 0.8175 0.0375 0.05 0.07
0 0.77 0.27375 0.055 0.0575
0 0.97625 0.605 0.0475 0.065
0 0.7625 0.965 0.09 0.07
0 0.13 0.45125 0.045 0.0425
0 0.2175 0.0925 0.05 0.045
0 0.2025 0.03625 0.045 0.0475
0 0.255 0.0425 0.055 0.05
0 0.1525 0.095 0.045 0.04
0 0.1425 0.14625 0.04 0.0375
0 0.66625 0.025 0.0425 0.045
0 0.3 0.37 0.065 0.04
0 0.31625 0.30625 0.0625 0.0525
0 0.47125 0.15875 0.0575 0.0575
0 0.12875 0.29875 0.0625 0.0475
0 0.09375 0.4875 0.0525 0.055
0 0.165 0.49125 0.055 0.0475
0 0.53 0.82375 0.09 0.1025
0 0.40375 0.05 0.1575 0.095
0 0.42625 0.89125 0.0675 0.0625
0 0.91375 0.10125 0.0775 0.0725
0 0.86875 0.3425 0.0675 0.08
0 0.97375 0.72875 0.0525 0.0825
0 0.4175 0.26625 0.075 0.0625
0 0.29875 0.42375 0.0725 0.0625
0 0.61375 0.80375 0.0675 0.0725
0 0.8425 0.90875 0.06 0.0675
0 0.9375 0.945 0.075 0.08
0 0.8775 0.4725 0.05 0.08
0 0.68625 0.77 0.0725 0.08
0 0.41875 0.62 0.1725 0.18
0 0.10375 0.17125 0.0525 0.0525
0 0.86625 0.21125 0.1275 0.1175
0 0.79625 0.38 0.1025 0.1
0 0.41375 0.7975 0.1225 0.11
0 0.67375 0.66875 0.0975 0.0975
0 0.6975 0.52375 0.145 0.1325
0 0.86125 0.76 0.0975 0.085
0 0.73875 0.13125 0.0825 0.0725
0 0.1225 0.9325 0.095 0.11
0 0.20875 0.64 0.0575 0.07
0 0.155 0.68375 0.08 0.0725
