0 0.6025 0.11625 0.04 0.0375
0 0.54625 0.27125 0.0375 0.0525
0 0.0375 0.7 0.055 0.08
0 0.0725 0.2475 0.065 0.065
0 0.2325 0.325 0.095 0.1
0 0.49875 0.575 0.0525 0.045
0 0.715 0.8525 0.045 0.055
0 0.6 0.96125 0.06 0.0625
0 0.3175 0.2275 0.075 0.095
0 0.28625 0.6925 0.0975 0.115
0 0.84625 0.5475 0.1975 0.22
0 0.13625 0.04875 0.0975 0.0925
0 0.10875 0.34125 0.0875 0.1025
0 0.115 0.195 0.07 0.065
0 0.6575 0.03 0.075 0.055
0 0.88875 0.0525 0.1525 0.1
0 0.9425 0.30125 0.065 0.0825
0 0.29625 0.925 0.1275 0.15
0 0.29625 0.49875 0.1775 0.1875
0 0.665 0.66875 0.075 0.0775
0 0.51375 0.80625 0.0475 0.0525
0 0.43375 0.95 0.0575 0.05
0 0.62125 0.79625 0.1175 0.1425
0 0.8125 0.19 0.11 0.14
0 0.47 0.14875 0.175 0.1325
0 0.65875 0.3025 0.1225 0.14
0 0.44375 0.68125 0.1325 0.1225
