0 0.8225 0.6825 0.06 0.065
0 0.57625 0.875 0.0675 0.09
0 0.68 0.5075 0.085 0.075
0 0.94125 0.7675 0.0475 0.055
0 0.45625 0.2825 0.0525 0.05
0 0.1775 0.26625 0.075 0.0575
0 0.7025 0.61375 0.11 0.1275
0 0.60125 0.61375 0.0875 0.0975
0 0.04125 0.0375 0.0675 0.055
0 0.1225 0.06625 0.085 0.0825
0 0.49625 0.5475 0.0825 0.075
0 0.50125 0.46 0.0575 0.06
0 0.045 0.43375 0.085 0.2275
0 0.51125 0.39 0.0625 0.06
0 0.42625 0.33875 0.0525 0.0725
0 0.69125 0.71 0.0675 0.075
0 0.15125 0.18625 0.0675 0.0925
0 0.0325 0.09375 0.06 0.0625
0 0.59125 0.72375 0.0725 0.0725
0 0.7825 0.74125 0.06 0.0725
0 0.2575 0.42375 0.06 0.0625
0 0.25125 0.22375 0.0725 0.1025
0 0.97125 0.035 0.0575 0.065
0 0.97125 0.11875 0.0575 0.0675
0 0.635 0.25875 0.245 0.1825
0 0.655 0.95375 0.11 0.0875
0 0.61 0.42625 0.12 0.1225
0 0.4125 0.4025 0.08 0.065
0 0.365 0.29375 0.065 0.0725
0 0.79 0.36625 0.125 0.1575
0 0.4475 0.77625 0.12 0.1425
0 0.26375 0.8175 0.1375 0.105
0 0.24875 0.9375 0.1675 0.115
0 0.24625 0.72625 0.0825 0.0625
0 0.27625 0.62125 0.1425 0.1425
0 0.4075 0.61875 0.085 0.0875
0 0.4175 0.505 0.08 0.085
0 0.84375 0.505 0.0525 0.055
0 0.88875 0.645 0.0625 0.07
0 0.88 0.82125 0.085 0.0925
0 0.915 0.92875 0.07 0.0525
0 0.09125 0.76625 0.1775 0.1925
0 0.85 0.0925 0.075 0.09
0 0.9475 0.25375 0.07 0.0875
