0 0.0275 0.64125 0.05 0.0725
0 0.42875 0.165 0.0675 0.09
0 0.08625 0.33875 0.0525 0.0525
0 0.13 0.4625 0.06 0.075
0 0.96625 0.46125 0.0675 0.0625
0 0.21 0.1575 0.045 0.04
0 0.76 0.95875 0.11 0.0825
0 0.96375 0.25375 0.0725 0.1125
0 0.73875 0.03875 0.0875 0.0725
0 0.62375 0.9175 0.1025 0.11
0 0.03625 0.7525 0.0675 0.08
0 0.0525 0.48875 0.1 0.1325
0 0.04 0.23125 0.075 0.1625
0 0.13 0.385 0.075 0.05
0 0.14375 0.31625 0.0625 0.0525
0 0.66625 0.10125 0.0675 0.0925
0 0.47375 0.3425 0.1025 0.085
0 0.60125 0.30625 0.0975 0.1225
0 0.4925 0.42625 0.09 0.0875
0 0.96625 0.54125 0.0675 0.0975
0 0.24875 0.36375 0.0975 0.0925
0 0.3225 0.18375 0.1 0.1125
0 0.58125 0.1325 0.0525 0.06
0 0.845 0.29375 0.15 0.1575
0 0.7175 0.33 0.135 0.14
0 0.355 0.35125 0.085 0.0925
0 0.325 0.4325 0.09 0.08
0 0.2675 0.51375 0.065 0.0525
0 0.35375 0.55875 0.1125 0.1375
0 0.29125 0.93875 0.1725 0.1225
0 0.15875 0.8475 0.1275 0.115
0 0.8925 0.7525 0.155 0.125
0 0.83 0.87625 0.145 0.1475
0 0.34 0.06375 0.115 0.1025
0 0.21125 0.23875 0.0575 0.0625
0 0.33625 0.7625 0.1325 0.125
0 0.68 0.695 0.175 0.19
0 0.50875 0.24875 0.0975 0.0875
0 0.71 0.205 0.09 0.11
0 0.64875 0.4325 0.0925 0.115
0 0.4675 0.52625 0.115 0.1075
0 0.19125 0.7 0.1275 0.11
0 0.49375 0.8425 0.1125 0.105
