0 0.89 0.97125 0.055 0.0575
0 0.86875 0.4875 0.0525 0.055
0 0.42625 0.9125 0.0775 0.075
0 0.45875 0.7175 0.0675 0.06
0 0.2475 0.785 0.065 0.065
0 0.41625 0.30375 0.0625 0.0525
0 0.5925 0.945 0.055 0.065
0 0.6475 0.975 0.08 0.05
0 0.0475 0.8675 0.09 0.265
0 0.665 0.795 0.09 0.075
0 0.95 0.90625 0.055 0.0575
0 0.4675 0.3575 0.06 0.075
0 0.325 0.48125 0.09 0.0875
0 0.3175 0.69 0.08 0.08
0 0.22625 0.8475 0.0475 0.055
0 0.265 0.965 0.07 0.07
0 0.31 0.86375 0.08 0.0775
0 0.535 0.9625 0.06 0.055
0 0.7425 0.96625 0.085 0.0675
0 0.4075 0.6 0.115 0.135
0 0.28375 0.595 0.1325 0.13
0 0.96125 0.5275 0.0775 0.145
0 0.71125 0.88625 0.0725 0.1025
0 0.63875 0.8875 0.0825 0.11
0 0.745 0.7725 0.09 0.095
0 0.6025 0.4225 0.08 0.09
0 0.515 0.31625 0.055 0.0625
0 0.3725 0.3775 0.115 0.095
0 0.3925 0.97125 0.07 0.0475
0 0.735 0.53875 0.095 0.0875
0 0.80875 0.5075 0.0625 0.06
0 0.85125 0.55875 0.0725 0.0775
0 0.64125 0.62375 0.0725 0.0725
0 0.62375 0.50625 0.0825 0.0825
0 0.49875 0.06 0.0825 0.115
0 0.58625 0.2125 0.0575 0.065
0 0.5375 0.24875 0.095 0.0925
0 0.63625 0.32125 0.0675 0.0875
0 0.76 0.64 0.065 0.07
0 0.88625 0.82375 0.1025 0.1075
0 0.95375 0.235 0.0925 0.12
0 0.2125 0.6775 0.08 0.105
0 0.15625 0.7525 0.0725 0.08
0 0.49 0.7975 0.095 0.1
0 0.51375 0.8875 0.0925 0.08
0 0.82 0.905 0.085 0.105
0 0.73125 0.39875 0.1125 0.1475
0 0.485 0.47375 0.12 0.1325
0 0.36 0.80375 0.095 0.0925
0 0.5425 0.68625 0.105 0.1325
0 0.905 0.39375 0.115 0.1125
0 0.935 0.715 0.115 0.115
0 0.85125 0.19125 0.1225 0.1525
