0 0.37 0.30125 0.1 0.1075
0 0.345 0.97125 0.055 0.0575
0 0.71625 0.92125 0.0825 0.0825
0 0.2975 0.42875 0.07 0.1075
0 0.02375 0.24125 0.0425 0.0575
0 0.30625 0.06 0.0775 0.07
0 0.04875 0.05 0.0825 0.085
0 0.7775 0.06875 0.06 0.0675
0 0.15125 0.0325 0.0825 0.06
0 0.36 0.1825 0.06 0.06
0 0.2375 0.925 0.065 0.045
0 0.71125 0.06375 0.0475 0.0525
0 0.05125 0.4225 0.0875 0.08
0 0.08 0.52125 0.06 0.0575
0 0.055 0.60375 0.075 0.0625
0 0.9575 0.6275 0.085 0.125
0 0.06 0.15125 0.105 0.1025
0 0.23875 0.0625 0.0575 0.055
0 0.29375 0.12875 0.0725 0.0725
0 0.395 0.41625 0.145 0.1325
0 0.2275 0.40625 0.045 0.0625
0 0.90375 0.12375 0.1325 0.1475
0 0.74625 0.8475 0.0825 0.08
0 0.58625 0.93875 0.0975 0.1025
0 0.61625 0.75 0.0625 0.05
0 0.62 0.8325 0.16 0.105
0 0.63875 0.07 0.0875 0.105
0 0.155 0.20375 0.07 0.0625
0 0.24 0.335 0.08 0.08
0 0.78625 0.14 0.0725 0.075
0 0.18875 0.09875 0.0625 0.0725
0 0.72 0.7575 0.09 0.08
0 0.91 0.89125 0.07 0.0425
0 0.92375 0.95875 0.1125 0.0825
0 0.67625 0.66875 0.0775 0.0975
0 0.59375 0.68375 0.0725 0.0675
0 0.82875 0.56625 0.0875 0.0975
0 0.79125 0.6675 0.0925 0.09
0 0.72125 0.5625 0.0875 0.115
0 0.87625 0.78625 0.1075 0.1075
0 0.26625 0.97875 0.0525 0.0425
0 0.28125 0.79375 0.0725 0.0675
0 0.315 0.91375 0.055 0.0675
0 0.28625 0.6975 0.0675 0.07
0 0.2475 0.865 0.085 0.075
0 0.4075 0.89125 0.08 0.0875
0 0.0525 0.31375 0.055 0.0625
0 0.25375 0.19875 0.0625 0.0675
0 0.7075 0.15375 0.07 0.0725
0 0.5475 0.44625 0.085 0.1125
0 0.39375 0.75375 0.0875 0.0875
0 0.23 0.7375 0.065 0.07
0 0.4675 0.5475 0.09 0.1
