0 0.72125 0.3225 0.0725 0.06
0 0.4925 0.6075 0.09 0.085
0 0.13 0.58 0.13 0.14
0 0.32125 0.73875 0.0525 0.0425
0 0.31625 0.6875 0.0575 0.05
0 0.2925 0.79875 0.06 0.0675
0 0.2775 0.89125 0.075 0.0525
0 0.14 0.34875 0.175 0.1225
0 0.1675 0.20125 0.165 0.1425
0 0.9225 0.93125 0.155 0.1375
0 0.86375 0.755 0.1525 0.175
0 0.395 0.255 0.11 0.145
0 0.32875 0.60625 0.0725 0.0725
0 0.13 0.94 0.09 0.085
0 0.14 0.7575 0.175 0.23
0 0.5875 0.16125 0.06 0.0575
0 0.82375 0.44625 0.1725 0.1975
0 0.435 0.45375 0.16 0.1875
0 0.61 0.5325 0.16 0.185
0 0.94875 0.5175 0.0925 0.105
0 0.7175 0.90125 0.13 0.1125
0 0.32125 0.37 0.0575 0.08
0 0.53125 0.3325 0.0575 0.08
0 0.54375 0.19375 0.0575 0.0675
