0 0.08375 0.06375 0.0625 0.0575
0 0.07125 0.2025 0.0575 0.055
0 0.4075 0.9025 0.055 0.06
0 0.4125 0.71375 0.065 0.0625
0 0.25625 0.96375 0.0725 0.0725
0 0.19375 0.03 0.1175 0.055
0 0.13875 0.1125 0.0625 0.085
0 0.20625 0.1325 0.0775 0.08
0 0.0575 0.1175 0.08 0.09
0 0.23875 0.0725 0.0725 0.08
0 0.34375 0.0675 0.1025 0.08
0 0.94875 0.0925 0.0575 0.06
0 0.94375 0.945 0.0825 0.09
0 0.91125 0.865 0.0725 0.065
0 0.55125 0.9425 0.0725 0.07
0 0.6475 0.9425 0.08 0.07
0 0.4525 0.96875 0.06 0.0625
0 0.77625 0.9225 0.0925 0.085
0 0.63625 0.6525 0.1125 0.12
0 0.7225 0.77625 0.07 0.0775
0 0.79375 0.79125 0.0525 0.0575
0 0.86 0.7775 0.06 0.07
0 0.93625 0.8 0.0775 0.06
0 0.31 0.81125 0.06 0.0525
0 0.30375 0.87 0.0775 0.055
0 0.35125 0.92125 0.0775 0.0525
0 0.355 0.97625 0.09 0.0475
0 0.60625 0.835 0.0825 0.08
0 0.5 0.9 0.06 0.06
0 0.48375 0.70625 0.0725 0.0775
0 0.51 0.83875 0.065 0.0625
0 0.41875 0.84 0.0725 0.07
0 0.3775 0.78125 0.07 0.0675
0 0.46125 0.7825 0.0525 0.05
0 0.555 0.77625 0.075 0.0725
0 0.71125 0.6975 0.0525 0.065
0 0.845 0.7 0.065 0.065
0 0.76375 0.695 0.0575 0.07
0 0.905 0.72 0.05 0.06
0 0.73375 0.55 0.0825 0.095
0 0.52375 0.60625 0.0725 0.0775
0 0.43625 0.62875 0.0425 0.0375
0 0.58625 0.525 0.0925 0.09
0 0.5375 0.41875 0.06 0.0675
0 0.575 0.35625 0.06 0.0575
0 0.4925 0.46375 0.075 0.0925
0 0.6 0.43375 0.065 0.0775
0 0.71375 0.2525 0.0775 0.075
0 0.6425 0.16875 0.09 0.0925
0 0.47875 0.1725 0.0875 0.08
0 0.485 0.27 0.085 0.095
0 0.12375 0.22375 0.0725 0.0825
0 0.2075 0.2625 0.095 0.09
0 0.40875 0.49 0.0675 0.075
0 0.405 0.37375 0.09 0.0975
0 0.33375 0.51375 0.0825 0.0775
0 0.08375 0.89 0.0675 0.075
