0 0.75375 0.9775 0.0625 0.045
0 0.03625 0.2575 0.0675 0.085
0 0.96 0.87375 0.08 0.0925
0 0.03 0.35 0.055 0.095
0 0.97 0.645 0.06 0.06
0 0.89375 0.54375 0.0475 0.0625
0 0.36125 0.47875 0.0975 0.0975
0 0.51 0.10375 0.07 0.0525
0 0.625 0.1625 0.07 0.08
0 0.78625 0.3175 0.0425 0.06
0 0.38125 0.88125 0.0625 0.0575
0 0.17375 0.47625 0.1025 0.0875
0 0.45 0.08125 0.045 0.0525
0 0.5175 0.03625 0.07 0.0675
0 0.74375 0.03 0.0525 0.05
0 0.30125 0.39875 0.0575 0.0675
0 0.07 0.82125 0.04 0.0475
0 0.585 0.74625 0.055 0.0625
0 0.70125 0.935 0.0575 0.065
0 0.835 0.2575 0.075 0.07
0 0.9325 0.285 0.06 0.055
0 0.96375 0.3325 0.0375 0.035
0 0.67875 0.58625 0.0825 0.0775
0 0.8025 0.0875 0.075 0.085
0 0.50375 0.2975 0.0775 0.09
0 0.63875 0.31625 0.0475 0.0725
0 0.76875 0.6325 0.0675 0.09
0 0.04875 0.75 0.0625 0.09
0 0.04 0.8725 0.065 0.07
0 0.43625 0.96 0.0475 0.05
0 0.47375 0.8525 0.0775 0.075
0 0.53625 0.69125 0.0775 0.0825
0 0.9325 0.08625 0.09 0.0875
0 0.18375 0.385 0.0575 0.055
0 0.52375 0.44625 0.0525 0.0775
0 0.4875 0.62625 0.07 0.0775
0 0.72875 0.72125 0.0625 0.0625
0 0.9475 0.485 0.055 0.06
0 0.73875 0.10125 0.0475 0.0525
0 0.74875 0.1575 0.0625 0.055
0 0.19 0.31875 0.065 0.0725
0 0.25625 0.33125 0.0825 0.0925
0 0.01875 0.5725 0.0325 0.05
0 0.03625 0.9475 0.0675 0.08
0 0.65625 0.87625 0.0725 0.0675
0 0.60875 0.0375 0.0725 0.07
0 0.1625 0.1975 0.125 0.115
0 0.03875 0.435 0.0625 0.065
0 0.43 0.43375 0.07 0.0775
0 0.4525 0.495 0.06 0.06
0 0.50125 0.545 0.0675 0.06
0 0.8225 0.41125 0.085 0.0875
0 0.925 0.7125 0.055 0.06
0 0.85875 0.63875 0.0675 0.0875
0 0.905 0.785 0.065 0.065
0 0.9125 0.96375 0.085 0.0725
0 0.67 0.09125 0.05 0.0675
0 0.86375 0.13375 0.0575 0.0675
0 0.90875 0.21 0.0675 0.08
0 0.97125 0.24125 0.0575 0.0675
0 0.8 0.72625 0.055 0.0675
0 0.6075 0.45 0.07 0.08
0 0.68375 0.50375 0.0775 0.0825
0 0.3725 0.38625 0.065 0.0775
0 0.40375 0.725 0.0625 0.07
0 0.41 0.80125 0.075 0.0875
0 0.5375 0.9575 0.055 0.06
0 0.6175 0.93125 0.05 0.0575
0 0.5925 0.54875 0.07 0.0825
0 0.6125 0.6425 0.075 0.085
0 0.70375 0.795 0.0725 0.075
0 0.1575 0.8275 0.055 0.065
0 0.24125 0.90625 0.0625 0.0775
0 0.29 0.9625 0.065 0.07
0 0.2825 0.53625 0.075 0.0875
0 0.415 0.58 0.075 0.08
0 0.4075 0.6525 0.07 0.07
0 0.145 0.56375 0.055 0.0625
0 0.265 0.70625 0.09 0.0825
0 0.30875 0.78 0.0725 0.09
0 0.04 0.64375 0.07 0.0775
0 0.125 0.7625 0.08 0.07
0 0.2125 0.58125 0.09 0.0875
0 0.40125 0.12625 0.0575 0.0675
0 0.475 0.165 0.06 0.065
0 0.43625 0.2175 0.0775 0.07
0 0.57375 0.09625 0.0575 0.0625
0 0.6875 0.1825 0.06 0.075
0 0.73625 0.2625 0.0825 0.085
0 0.5775 0.31 0.055 0.075
0 0.49375 0.3775 0.0625 0.065
0 0.5075 0.77625 0.075 0.0825
0 0.20375 0.765 0.0675 0.065
0 0.1075 0.3275 0.09 0.08
0 0.365 0.29 0.075 0.09
0 0.43875 0.3125 0.0525 0.07
0 0.53 0.21875 0.075 0.0825
0 0.5625 0.38875 0.05 0.0625
0 0.8425 0.33 0.055 0.07
0 0.90375 0.35 0.0575 0.065
0 0.93625 0.4075 0.0575 0.07
0 0.89 0.45875 0.06 0.0775
0 0.94875 0.56875 0.0775 0.0875
