0 0.59125 0.59625 0.1125 0.1075
0 0.20125 0.40125 0.1025 0.0975
0 0.28625 0.7225 0.1075 0.1
0 0.535 0.25625 0.1 0.1075
0 0.95125 0.2725 0.0975 0.17
0 0.5 0.12125 0.09 0.0825
0 0.1325 0.03875 0.085 0.0725
0 0.11375 0.1 0.0775 0.07
0 0.14375 0.16875 0.0775 0.0825
0 0.9575 0.8625 0.08 0.07
0 0.3025 0.53375 0.16 0.2125
0 0.20125 0.665 0.0725 0.085
0 0.02875 0.78125 0.0525 0.0625
0 0.15875 0.96875 0.1075 0.0625
0 0.17375 0.8625 0.1425 0.14
0 0.2025 0.08875 0.13 0.1025
0 0.62875 0.24 0.1325 0.165
0 0.9725 0.5525 0.055 0.135
0 0.91 0.1075 0.18 0.195
0 0.6625 0.7425 0.075 0.09
0 0.10375 0.565 0.2025 0.2
0 0.78875 0.4425 0.0475 0.055
0 0.7525 0.58875 0.175 0.1775
0 0.66375 0.0875 0.1225 0.12
0 0.52625 0.03625 0.1375 0.0675
0 0.74125 0.7425 0.0825 0.075
0 0.875 0.40875 0.12 0.1275
0 0.54375 0.3675 0.1025 0.1
0 0.05375 0.70375 0.1025 0.0925
0 0.2 0.25375 0.135 0.1125
0 0.77625 0.06 0.0825 0.075
0 0.41375 0.72 0.1375 0.155
0 0.37125 0.57375 0.0475 0.0475
0 0.6925 0.85 0.115 0.12
0 0.95625 0.7675 0.0875 0.135
0 0.77125 0.24625 0.1275 0.1425
0 0.3525 0.06375 0.105 0.1225
0 0.4 0.32875 0.21 0.1825
0 0.89125 0.5775 0.0925 0.09
0 0.595 0.48875 0.105 0.1075
0 0.6275 0.39375 0.07 0.0675
0 0.70625 0.39375 0.1025 0.1075
0 0.05375 0.29 0.1025 0.14
0 0.34 0.9275 0.19 0.14
0 0.49375 0.95125 0.1325 0.0975
0 0.64625 0.9475 0.1625 0.105
0 0.58 0.705 0.085 0.095
0 0.56375 0.8 0.1225 0.105
0 0.0575 0.89375 0.11 0.1725
0 0.31625 0.17875 0.1525 0.1125
0 0.825 0.79375 0.1 0.1075
