0 0.38625 0.77125 0.1625 0.0875
0 0.68875 0.8175 0.1575 0.19
0 0.96625 0.81625 0.0675 0.0975
0 0.82625 0.96625 0.1225 0.0675
0 0.6975 0.055 0.075 0.105
0 0.5225 0.88875 0.195 0.2175
0 0.56625 0.70375 0.1225 0.1525
0 0.96 0.425 0.08 0.105
0 0.9675 0.55375 0.065 0.1075
0 0.95 0.3 0.1 0.125
0 0.83875 0.33875 0.1275 0.1325
0 0.8025 0.53875 0.24 0.2725
0 0.40125 0.15 0.1575 0.15
0 0.345 0.245 0.12 0.105
0 0.1 0.31 0.17 0.14
0 0.14375 0.85375 0.0725 0.0625
0 0.3425 0.65875 0.16 0.1275
0 0.5825 0.04625 0.185 0.0875
0 0.7975 0.06625 0.125 0.1175
0 0.82625 0.2125 0.1225 0.155
0 0.96625 0.0525 0.0675 0.1
0 0.26125 0.05625 0.1625 0.1075
0 0.0475 0.56625 0.09 0.1375
0 0.39 0.8675 0.08 0.105
0 0.2875 0.8925 0.12 0.14
0 0.8225 0.78625 0.12 0.1725
0 0.47625 0.62625 0.1225 0.1475
0 0.11 0.1625 0.215 0.18
0 0.7025 0.265 0.11 0.095
0 0.70625 0.165 0.1075 0.11
0 0.6325 0.5975 0.06 0.05
0 0.22125 0.53125 0.2275 0.1925
0 0.09125 0.92125 0.1175 0.0975
0 0.60375 0.4575 0.1425 0.135
0 0.29 0.3725 0.15 0.145
0 0.05625 0.43125 0.1075 0.1425
0 0.6075 0.34125 0.115 0.1175
0 0.07875 0.73625 0.1525 0.1875
0 0.22125 0.73875 0.1275 0.1625
0 0.47 0.50125 0.155 0.1325
0 0.4475 0.355 0.16 0.15
0 0.5675 0.1925 0.165 0.17
