0 0.45 0.9175 0.09 0.07
0 0.61875 0.695 0.0725 0.065
0 0.7675 0.0425 0.125 0.08
0 0.6275 0.6325 0.085 0.07
0 0.54625 0.61 0.0825 0.145
0 0.6275 0.0625 0.14 0.115
0 0.78625 0.25875 0.3725 0.3275
0 0.70875 0.51875 0.1575 0.1525
0 0.6 0.17 0.09 0.105
0 0.85 0.94125 0.085 0.0975
0 0.895 0.0575 0.085 0.09
0 0.2525 0.95 0.095 0.1
0 0.35375 0.23375 0.1025 0.1225
0 0.1825 0.03875 0.105 0.0725
0 0.525 0.20875 0.07 0.0975
0 0.44875 0.20875 0.0875 0.0925
0 0.9425 0.9275 0.115 0.145
0 0.07 0.63375 0.135 0.1625
0 0.05125 0.51 0.0975 0.105
0 0.13625 0.31 0.2575 0.245
0 0.4125 0.975 0.12 0.05
0 0.145 0.95 0.08 0.1
0 0.10125 0.06625 0.0775 0.0675
0 0.5 0.82625 0.105 0.1225
0 0.69625 0.87375 0.2575 0.2375
0 0.44 0.07625 0.22 0.1475
0 0.40125 0.6375 0.1775 0.15
0 0.04875 0.92625 0.0925 0.1325
0 0.115 0.80625 0.19 0.1725
0 0.225 0.1525 0.18 0.165
0 0.8725 0.7175 0.25 0.23
0 0.8925 0.50375 0.18 0.1875
0 0.4775 0.49875 0.175 0.1425
0 0.475 0.36875 0.145 0.1525
0 0.35875 0.80875 0.1425 0.1475
0 0.32875 0.365 0.1125 0.145
0 0.16375 0.48625 0.1225 0.1275
0 0.2625 0.5175 0.09 0.09
0 0.23125 0.655 0.1575 0.14
