0 0.955 0.225 0.09 0.1
0 0.0525 0.2575 0.1 0.115
0 0.34125 0.40375 0.0925 0.0975
0 0.97375 0.60125 0.0525 0.0625
0 0.06375 0.0475 0.1225 0.09
0 0.95875 0.53625 0.0525 0.0725
0 0.95625 0.70375 0.0875 0.1375
0 0.61625 0.17625 0.0925 0.0875
0 0.92875 0.94 0.1375 0.115
0 0.1275 0.1725 0.125 0.13
0 0.6475 0.08375 0.14 0.1375
0 0.72875 0.96 0.1325 0.08
0 0.725 0.80375 0.195 0.1925
0 0.5775 0.7975 0.115 0.105
0 0.8425 0.55875 0.125 0.1475
0 0.18 0.05 0.1 0.095
0 0.3475 0.60875 0.095 0.1125
0 0.4625 0.79375 0.115 0.1525
0 0.3625 0.74375 0.085 0.0975
0 0.83125 0.6925 0.0975 0.085
0 0.9475 0.84125 0.105 0.1275
0 0.33125 0.1025 0.1375 0.155
0 0.2525 0.9125 0.22 0.175
0 0.1525 0.69625 0.245 0.2425
0 0.535 0.5275 0.15 0.105
0 0.5675 0.66 0.14 0.16
0 0.84875 0.1325 0.1875 0.18
0 0.52 0.9275 0.165 0.145
0 0.265 0.24875 0.135 0.1275
0 0.57125 0.36875 0.2375 0.2125
0 0.695 0.5275 0.145 0.15
0 0.14375 0.45625 0.1475 0.1275
0 0.2775 0.5075 0.105 0.13
