0 0.67625 0.375 0.1225 0.1
0 0.62 0.975 0.055 0.05
0 0.02375 0.50375 0.0425 0.0625
0 0.25375 0.87625 0.0475 0.0475
0 0.92875 0.07375 0.0475 0.0475
0 0.79125 0.28 0.0375 0.04
0 0.17375 0.7325 0.0375 0.04
0 0.82625 0.745 0.0575 0.06
0 0.46125 0.97125 0.0625 0.0575
0 0.84125 0.03625 0.0825 0.0675
0 0.125 0.48625 0.075 0.0675
0 0.6175 0.6075 0.08 0.08
0 0.04875 0.625 0.0825 0.085
0 0.64375 0.86125 0.0875 0.0825
0 0.60125 0.9375 0.0575 0.06
0 0.55125 0.05875 0.0625 0.0725
0 0.965 0.77875 0.07 0.0675
0 0.62875 0.78375 0.0575 0.0525
0 0.57625 0.79 0.0425 0.05
0 0.3775 0.9075 0.09 0.07
0 0.4525 0.80125 0.06 0.0775
0 0.35 0.36375 0.065 0.0775
0 0.76875 0.185 0.0675 0.07
0 0.8425 0.1975 0.07 0.085
0 0.9075 0.27875 0.055 0.0575
0 0.8025 0.8875 0.075 0.075
0 0.13 0.7375 0.065 0.065
0 0.045 0.71625 0.08 0.0775
0 0.29625 0.87 0.0375 0.055
0 0.32125 0.6175 0.0675 0.075
0 0.61 0.215 0.06 0.07
0 0.72625 0.54875 0.0725 0.0775
0 0.555 0.70875 0.06 0.0675
0 0.61125 0.71625 0.0475 0.0525
0 0.535 0.2275 0.075 0.08
0 0.1175 0.415 0.055 0.06
0 0.075 0.51875 0.06 0.0675
0 0.19375 0.52375 0.0625 0.0675
0 0.22 0.71625 0.055 0.0675
0 0.7075 0.62375 0.055 0.0575
0 0.2025 0.07375 0.06 0.0575
0 0.92125 0.12625 0.0525 0.0525
0 0.6125 0.14125 0.06 0.0675
0 0.28125 0.43125 0.0625 0.0675
0 0.37125 0.70875 0.0725 0.0625
0 0.40875 0.75 0.0525 0.06
0 0.05 0.875 0.065 0.07
0 0.215 0.9625 0.055 0.055
0 0.0825 0.2575 0.085 0.09
0 0.15875 0.25625 0.0725 0.0825
0 0.90125 0.69875 0.0975 0.1075
