0 0.29625 0.3075 0.0825 0.08
0 0.045 0.96 0.085 0.075
0 0.03375 0.8775 0.0625 0.08
0 0.41875 0.285 0.0825 0.075
0 0.49375 0.35 0.1125 0.095
0 0.41875 0.02125 0.0675 0.0375
0 0.9475 0.51625 0.03 0.0325
0 0.9 0.5575 0.07 0.065
0 0.71 0.5675 0.055 0.07
0 0.75875 0.68375 0.0775 0.0875
0 0.69625 0.6875 0.0625 0.05
0 0.7 0.7425 0.07 0.065
0 0.89 0.1775 0.08 0.09
0 0.4525 0.06875 0.075 0.0775
0 0.5425 0.16125 0.095 0.0975
0 0.43875 0.19375 0.1175 0.0975
0 0.5525 0.78625 0.13 0.1175
0 0.46875 0.555 0.0975 0.07
0 0.49875 0.48125 0.1125 0.0925
0 0.88625 0.26125 0.0775 0.0625
0 0.3 0.81 0.06 0.065
0 0.185 0.425 0.09 0.11
0 0.90875 0.3275 0.0625 0.06
0 0.80875 0.17625 0.0675 0.0775
0 0.72875 0.18875 0.0875 0.0775
0 0.38125 0.83875 0.0975 0.1075
0 0.27125 0.88625 0.0775 0.0775
0 0.8825 0.96125 0.09 0.0775
0 0.91125 0.62625 0.0875 0.0625
0 0.96 0.71375 0.08 0.0875
0 0.8625 0.70875 0.1 0.0975
0 0.96 0.27375 0.08 0.1075
0 0.65 0.6475 0.06 0.065
0 0.28 0.4725 0.105 0.13
0 0.17625 0.5425 0.1325 0.14
0 0.05 0.57625 0.095 0.0975
0 0.96125 0.12375 0.0725 0.0875
0 0.71125 0.27125 0.1375 0.0925
0 0.77375 0.08125 0.1375 0.1375
0 0.1075 0.6725 0.1 0.105
0 0.48 0.915 0.1 0.125
0 0.65625 0.92625 0.1975 0.1475
0 0.9175 0.8175 0.075 0.09
0 0.8225 0.5575 0.07 0.06
0 0.7775 0.395 0.125 0.12
0 0.665 0.44625 0.1 0.1225
0 0.65375 0.5725 0.0725 0.065
0 0.58125 0.64125 0.0725 0.0725
0 0.6175 0.72 0.09 0.09
0 0.3875 0.72125 0.095 0.0775
0 0.11125 0.36375 0.0675 0.0725
0 0.10125 0.26 0.0625 0.05
0 0.18 0.12375 0.135 0.1325
0 0.0425 0.47125 0.075 0.1025
0 0.41375 0.6275 0.0925 0.09
0 0.36125 0.125 0.0925 0.06
0 0.305 0.2125 0.08 0.085
0 0.215 0.24375 0.095 0.0725
0 0.37625 0.5125 0.0725 0.07
