0 0.18625 0.24875 0.0825 0.0675
0 0.21125 0.5725 0.0875 0.075
0 0.46125 0.1025 0.0775 0.07
0 0.43375 0.235 0.0575 0.055
0 0.3775 0.6925 0.195 0.31
0 0.73625 0.145 0.0675 0.06
0 0.14625 0.8775 0.0525 0.05
0 0.08625 0.90375 0.0625 0.0525
0 0.95125 0.16 0.0625 0.075
0 0.25625 0.8725 0.0775 0.065
0 0.045 0.30125 0.085 0.1575
0 0.515 0.03625 0.135 0.0675
0 0.36875 0.03875 0.0925 0.0725
0 0.17125 0.36625 0.0775 0.0825
0 0.64125 0.04875 0.0875 0.0775
0 0.825 0.2825 0.055 0.06
0 0.73 0.97125 0.09 0.0575
0 0.65125 0.89125 0.0825 0.0775
0 0.8025 0.35625 0.055 0.0525
0 0.52 0.625 0.085 0.08
0 0.76 0.4075 0.07 0.07
0 0.58125 0.37125 0.2175 0.2525
0 0.7375 0.34125 0.07 0.0625
0 0.3575 0.42375 0.065 0.0725
0 0.89625 0.26625 0.0625 0.0725
0 0.54875 0.85875 0.1175 0.1075
0 0.645 0.21125 0.055 0.0575
0 0.7375 0.25125 0.115 0.1125
0 0.2875 0.49 0.105 0.085
0 0.26375 0.63875 0.0625 0.0775
0 0.22625 0.78 0.1175 0.125
0 0.2 0.66625 0.08 0.0925
0 0.07625 0.73125 0.1475 0.2675
0 0.91375 0.35875 0.1175 0.1325
0 0.84 0.2 0.11 0.12
0 0.90625 0.52 0.1875 0.21
0 0.9225 0.69875 0.155 0.1325
0 0.0925 0.48625 0.18 0.1675
0 0.58 0.9675 0.135 0.065
0 0.9 0.8975 0.2 0.205
0 0.32125 0.94625 0.2025 0.1075
0 0.91375 0.0725 0.1725 0.14
0 0.16875 0.10375 0.1975 0.2025
0 0.55625 0.15375 0.1575 0.1275
0 0.2575 0.34 0.1 0.11
0 0.54 0.73625 0.135 0.1325
0 0.7275 0.5225 0.125 0.125
0 0.15875 0.96125 0.0675 0.0625
0 0.34375 0.14625 0.1325 0.1375
0 0.75625 0.0525 0.0975 0.1
0 0.7125 0.7175 0.23 0.245
0 0.425 0.3525 0.115 0.13
