0 0.7125 0.47375 0.05 0.0475
0 0.64375 0.4925 0.0775 0.065
0 0.71 0.52625 0.045 0.0475
0 0.29375 0.23875 0.0875 0.0725
0 0.3825 0.1575 0.075 0.08
0 0.39 0.23875 0.085 0.0875
0 0.4525 0.0825 0.095 0.085
0 0.13 0.49 0.12 0.08
0 0.14125 0.385 0.0925 0.095
0 0.045 0.56375 0.085 0.0575
0 0.29875 0.15 0.0875 0.105
0 0.5225 0.395 0.13 0.16
0 0.245 0.5025 0.08 0.075
0 0.39375 0.5175 0.0725 0.07
0 0.75625 0.195 0.2925 0.37
0 0.5525 0.04125 0.12 0.0775
0 0.665 0.60125 0.055 0.0725
0 0.6225 0.54375 0.055 0.0475
0 0.17875 0.26 0.1475 0.115
0 0.045 0.455 0.085 0.145
0 0.3325 0.37625 0.225 0.1825
0 0.2425 0.04375 0.065 0.0575
0 0.3425 0.0525 0.09 0.095
0 0.10625 0.16125 0.0775 0.0825
0 0.96875 0.87375 0.0625 0.0625
0 0.5125 0.8075 0.045 0.04
0 0.51625 0.86625 0.0575 0.0675
0 0.18375 0.1125 0.0975 0.085
0 0.615 0.81875 0.055 0.0525
0 0.8025 0.55125 0.06 0.0525
0 0.735 0.605 0.095 0.095
0 0.54875 0.54875 0.0875 0.0775
0 0.97 0.7425 0.06 0.075
0 0.4 0.9475 0.1 0.105
0 0.575 0.64 0.105 0.1
0 0.16375 0.17375 0.0575 0.0525
0 0.0375 0.09875 0.07 0.1125
0 0.14 0.04125 0.13 0.0775
0 0.515 0.22625 0.17 0.1925
0 0.1225 0.76625 0.09 0.1325
0 0.86125 0.9625 0.1225 0.075
0 0.96625 0.50375 0.0675 0.1075
0 0.685 0.835 0.08 0.075
0 0.035 0.8725 0.065 0.205
0 0.65 0.395 0.08 0.075
0 0.94625 0.1125 0.1075 0.145
0 0.95625 0.27625 0.0875 0.1175
0 0.19375 0.59875 0.1075 0.1275
0 0.34375 0.63375 0.1625 0.1925
0 0.055 0.29375 0.105 0.1725
0 0.955 0.59375 0.055 0.0725
0 0.88125 0.485 0.0525 0.055
0 0.88875 0.55625 0.0775 0.0825
0 0.05125 0.69125 0.0975 0.1275
0 0.86625 0.4125 0.0925 0.1
0 0.28625 0.85125 0.0875 0.0775
0 0.27125 0.93625 0.1925 0.1275
0 0.4225 0.8275 0.13 0.11
0 0.565 0.8625 0.05 0.06
0 0.86625 0.87125 0.1475 0.1275
0 0.11125 0.89875 0.0775 0.0925
0 0.84625 0.675 0.1475 0.16
0 0.69125 0.93375 0.1525 0.1325
0 0.47125 0.6925 0.1325 0.165
