0 0.74875 0.27125 0.0925 0.0825
0 0.25625 0.17875 0.1025 0.0775
0 0.1975 0.12375 0.065 0.0525
0 0.14 0.2025 0.135 0.115
0 0.2075 0.3725 0.255 0.27
0 0.55 0.285 0.275 0.185
0 0.93 0.80875 0.14 0.1625
0 0.68875 0.6275 0.1275 0.08
0 0.20125 0.64 0.1875 0.215
0 0.3675 0.705 0.165 0.165
0 0.43875 0.48125 0.2475 0.2325
0 0.15875 0.97125 0.0625 0.0575
0 0.04375 0.73375 0.0825 0.0925
0 0.77 0.95875 0.195 0.0825
0 0.96 0.68875 0.08 0.0875
0 0.805 0.86375 0.105 0.1125
0 0.91875 0.9425 0.0875 0.09
0 0.60125 0.87 0.0725 0.06
0 0.68 0.85375 0.09 0.0725
0 0.84875 0.66875 0.1175 0.0925
0 0.0625 0.56875 0.1 0.1425
0 0.575 0.95 0.135 0.1
0 0.7475 0.35 0.1 0.08
0 0.05 0.87375 0.095 0.1975
0 0.54 0.80125 0.115 0.1275
0 0.43625 0.91875 0.1475 0.1625
0 0.8725 0.34 0.13 0.115
0 0.95375 0.4 0.0925 0.095
0 0.9575 0.5925 0.085 0.1
0 0.95875 0.505 0.0825 0.085
0 0.835 0.11875 0.255 0.2325
0 0.08 0.05875 0.155 0.1125
0 0.69 0.75 0.205 0.16
0 0.735 0.48625 0.205 0.1825
0 0.88875 0.48875 0.0875 0.1325
0 0.8675 0.57875 0.1 0.0725
0 0.27 0.88625 0.17 0.1925
0 0.50375 0.685 0.0925 0.085
0 0.57875 0.61375 0.0825 0.1025
0 0.2475 0.0625 0.095 0.09
0 0.475 0.12375 0.115 0.1025
0 0.47625 0.03625 0.1325 0.0675
