0 0.09375 0.3475 0.0925 0.085
0 0.245 0.9425 0.075 0.1
0 0.31625 0.9325 0.0725 0.095
0 0.25875 0.7975 0.1925 0.145
0 0.72375 0.04625 0.1625 0.0875
0 0.16875 0.06375 0.1075 0.1125
0 0.97 0.65875 0.06 0.0825
0 0.375 0.6425 0.08 0.07
0 0.22 0.03875 0.08 0.0725
0 0.75375 0.36875 0.0475 0.0525
0 0.05375 0.78625 0.0775 0.0825
0 0.29 0.07875 0.085 0.1025
0 0.57375 0.06 0.1075 0.1
0 0.12 0.915 0.165 0.17
0 0.38375 0.895 0.0625 0.07
0 0.87875 0.72375 0.0725 0.0575
0 0.8825 0.64 0.115 0.105
0 0.395 0.755 0.085 0.095
0 0.035 0.33625 0.065 0.1625
0 0.28375 0.695 0.0975 0.09
0 0.15875 0.52875 0.0925 0.1025
0 0.9475 0.03375 0.105 0.0625
0 0.85375 0.03125 0.0575 0.0575
0 0.05125 0.0825 0.0975 0.16
0 0.96 0.74 0.08 0.08
0 0.64375 0.9325 0.0975 0.085
0 0.27375 0.57625 0.1275 0.1275
0 0.93625 0.1975 0.1275 0.225
0 0.58875 0.25625 0.2575 0.2225
0 0.4075 0.0525 0.135 0.1
0 0.04875 0.55125 0.0925 0.1575
0 0.105 0.435 0.115 0.09
0 0.41125 0.96625 0.1275 0.0675
0 0.9225 0.885 0.155 0.23
0 0.67875 0.84125 0.0875 0.0775
0 0.74625 0.95875 0.1025 0.0825
0 0.79125 0.79875 0.1225 0.1175
0 0.91125 0.35875 0.1525 0.1275
0 0.93875 0.52125 0.1225 0.1375
0 0.435 0.46875 0.255 0.2975
0 0.15 0.6525 0.155 0.135
0 0.445 0.82375 0.08 0.0875
0 0.57125 0.79625 0.1125 0.1075
0 0.50875 0.8975 0.1025 0.11
0 0.24125 0.2725 0.2075 0.235
