0 0.5925 0.01875 0.06 0.0325
0 0.89875 0.79875 0.0775 0.0875
0 0.34375 0.98375 0.0725 0.0325
0 0.67875 0.02625 0.0775 0.0475
0 0.05125 0.025 0.0675 0.045
0 0.55125 0.79875 0.0425 0.0475
0 0.23125 0.02625 0.1025 0.0475
0 0.91375 0.03625 0.0925 0.0675
0 0.86875 0.22875 0.0825 0.0775
0 0.4325 0.05375 0.04 0.0475
0 0.5125 0.17625 0.065 0.0675
0 0.09125 0.07375 0.0725 0.0675
0 0.36625 0.0925 0.0975 0.075
0 0.4875 0.06375 0.055 0.0575
0 0.5525 0.1175 0.055 0.055
0 0.1825 0.94875 0.12 0.1025
0 0.29 0.92375 0.08 0.0725
0 0.34375 0.0325 0.0925 0.06
0 0.54625 0.0575 0.0675 0.065
0 0.09 0.65375 0.07 0.0775
0 0.2325 0.68 0.105 0.11
0 0.605 0.07875 0.07 0.0775
0 0.70125 0.1075 0.0775 0.095
0 0.76 0.205 0.09 0.1
0 0.77625 0.285 0.0825 0.075
0 0.45 0.13 0.085 0.085
0 0.8425 0.32125 0.07 0.1125
0 0.955 0.25125 0.09 0.1075
0 0.46125 0.66875 0.0525 0.0525
0 0.63 0.17 0.095 0.1
0 0.47875 0.215 0.0625 0.055
0 0.1675 0.08125 0.085 0.0875
0 0.12125 0.1575 0.0925 0.085
0 0.29375 0.145 0.0725 0.08
0 0.6425 0.28875 0.09 0.0825
0 0.71375 0.8675 0.2875 0.235
0 0.05875 0.92875 0.0925 0.0925
0 0.08375 0.845 0.0925 0.08
0 0.03125 0.57 0.0575 0.075
0 0.42375 0.7575 0.0975 0.1
0 0.5525 0.71625 0.07 0.0725
0 0.9275 0.48125 0.09 0.1175
0 0.345 0.2525 0.095 0.1
0 0.32125 0.4325 0.1125 0.1
0 0.0775 0.7375 0.06 0.075
0 0.31625 0.79875 0.0975 0.0925
