0 0.24 0.2875 0.055 0.055
0 0.215 0.66125 0.105 0.0825
0 0.89375 0.35625 0.0475 0.0625
0 0.71125 0.9725 0.0675 0.055
0 0.03375 0.45 0.0625 0.09
0 0.80875 0.54375 0.0775 0.0875
0 0.96625 0.69625 0.0675 0.0925
0 0.84875 0.8225 0.0875 0.105
0 0.75 0.88625 0.06 0.0575
0 0.7075 0.92625 0.07 0.0575
0 0.64375 0.93625 0.0525 0.0675
0 0.7025 0.79625 0.105 0.1225
0 0.95 0.84 0.1 0.14
0 0.38 0.30625 0.055 0.0725
0 0.5825 0.7575 0.05 0.06
0 0.485 0.84 0.095 0.105
0 0.505 0.67125 0.075 0.0875
0 0.1125 0.72125 0.125 0.1125
0 0.35625 0.6075 0.2325 0.215
0 0.17125 0.26625 0.0925 0.0775
0 0.1975 0.3825 0.135 0.14
0 0.78875 0.36625 0.1075 0.1075
0 0.2225 0.0775 0.12 0.11
