0 0.44 0.44375 0.065 0.0875
0 0.80125 0.92375 0.0925 0.1025
0 0.5575 0.165 0.085 0.09
0 0.76375 0.64 0.0975 0.1
0 0.6175 0.65875 0.065 0.0675
0 0.5475 0.70875 0.08 0.0825
0 0.10375 0.515 0.1125 0.1
0 0.6275 0.0725 0.135 0.13
0 0.93 0.04375 0.135 0.0825
0 0.48375 0.8575 0.0575 0.06
0 0.49 0.95625 0.075 0.0825
0 0.96125 0.395 0.0775 0.145
0 0.9275 0.52 0.12 0.11
0 0.955 0.63375 0.09 0.1425
0 0.71875 0.97625 0.0875 0.0475
0 0.49 0.64375 0.075 0.0775
0 0.54625 0.79625 0.0975 0.1175
0 0.675 0.65625 0.075 0.1125
0 0.86375 0.62625 0.0975 0.1275
0 0.9725 0.77375 0.055 0.1325
0 0.7625 0.74 0.1 0.09
0 0.775 0.0525 0.13 0.1
0 0.045 0.205 0.085 0.14
0 0.74125 0.14375 0.1125 0.1025
0 0.26125 0.95875 0.1125 0.0825
0 0.4125 0.84625 0.1 0.1025
0 0.45375 0.75625 0.1075 0.1075
0 0.42125 0.9575 0.0675 0.085
0 0.5875 0.9125 0.14 0.135
0 0.6425 0.77125 0.12 0.1325
0 0.0725 0.96125 0.14 0.0775
0 0.34375 0.9025 0.1125 0.11
0 0.10625 0.07125 0.2075 0.1375
0 0.4225 0.6225 0.105 0.09
0 0.55875 0.58125 0.0725 0.1125
0 0.8175 0.51125 0.085 0.1125
0 0.23125 0.40875 0.1025 0.1275
0 0.375 0.34625 0.075 0.0675
0 0.24875 0.29 0.0975 0.12
0 0.34375 0.43 0.1225 0.105
0 0.51625 0.46125 0.0775 0.0975
0 0.45875 0.54 0.0875 0.09
0 0.08 0.66875 0.145 0.2175
0 0.225 0.7225 0.095 0.095
0 0.26875 0.81125 0.0925 0.0975
0 0.345 0.7175 0.105 0.145
0 0.72375 0.84625 0.0975 0.1225
0 0.4575 0.0775 0.13 0.15
0 0.315 0.06875 0.155 0.1325
0 0.1475 0.2225 0.13 0.16
0 0.1375 0.40125 0.085 0.1075
0 0.3425 0.22375 0.145 0.1675
0 0.9 0.16625 0.175 0.1525
0 0.87875 0.81625 0.1425 0.1625
0 0.14125 0.8625 0.1675 0.15
0 0.045 0.37375 0.085 0.2175
0 0.2225 0.58375 0.125 0.1725
0 0.7025 0.24125 0.125 0.1325
0 0.69625 0.35 0.1475 0.125
0 0.5475 0.2625 0.085 0.095
0 0.4825 0.35 0.095 0.095
0 0.58875 0.41125 0.1175 0.1125
0 0.83875 0.34375 0.1525 0.1825
0 0.69375 0.5275 0.1425 0.16
