0 0.11875 0.76875 0.2325 0.1575
0 0.33125 0.785 0.1325 0.15
0 0.415 0.755 0.09 0.1
0 0.405 0.525 0.075 0.1
0 0.1725 0.5675 0.34 0.245
0 0.6975 0.405 0.08 0.085
0 0.70875 0.075 0.0925 0.085
0 0.89 0.05875 0.075 0.0675
0 0.97125 0.0925 0.0575 0.07
0 0.51 0.4275 0.09 0.09
0 0.97125 0.2825 0.0575 0.09
0 0.97625 0.17125 0.0475 0.0725
0 0.8075 0.49625 0.07 0.0825
0 0.3725 0.04625 0.215 0.0875
0 0.6725 0.7925 0.1 0.08
0 0.885 0.8475 0.085 0.095
0 0.7 0.67625 0.08 0.0825
0 0.61125 0.4275 0.0675 0.07
0 0.87125 0.14125 0.0875 0.0975
0 0.5825 0.06625 0.145 0.1075
0 0.69875 0.9275 0.1225 0.135
0 0.78125 0.10125 0.0825 0.0925
0 0.93 0.95875 0.11 0.0825
0 0.7575 0.71125 0.075 0.0675
0 0.83875 0.63625 0.0525 0.0575
0 0.19875 0.915 0.1775 0.13
0 0.065 0.93 0.125 0.14
0 0.555 0.7725 0.135 0.16
0 0.77 0.3975 0.055 0.06
0 0.89 0.26 0.11 0.12
0 0.57625 0.94375 0.1225 0.1125
0 0.72125 0.57625 0.0525 0.0575
0 0.48125 0.52125 0.0875 0.0975
0 0.57875 0.1625 0.0825 0.075
0 0.54125 0.29125 0.1425 0.1725
0 0.81625 0.8975 0.0825 0.08
0 0.40375 0.9375 0.1775 0.125
0 0.56625 0.58375 0.0825 0.0975
0 0.3825 0.35875 0.15 0.1725
0 0.3175 0.15 0.085 0.09
0 0.27625 0.235 0.1175 0.1
0 0.4775 0.1825 0.09 0.1
0 0.725 0.265 0.155 0.175
0 0.86125 0.39125 0.0975 0.1075
0 0.06375 0.36 0.1225 0.135
0 0.205 0.36 0.115 0.135
0 0.45875 0.64125 0.1225 0.1225
0 0.12125 0.12625 0.2375 0.2475
