0 0.97 0.375 0.06 0.08
0 0.94 0.96375 0.12 0.0725
0 0.97125 0.56125 0.0575 0.1025
0 0.97625 0.28375 0.0475 0.1125
0 0.2825 0.28125 0.1 0.0825
0 0.4675 0.825 0.085 0.075
0 0.45375 0.60625 0.0725 0.0825
0 0.44875 0.97375 0.0925 0.0525
0 0.08125 0.71125 0.0975 0.0975
0 0.05125 0.57375 0.0975 0.1075
0 0.77125 0.4825 0.0425 0.055
0 0.8225 0.9625 0.095 0.075
0 0.22625 0.77 0.1225 0.105
0 0.38625 0.02375 0.0825 0.0425
0 0.045 0.26875 0.085 0.1025
0 0.0425 0.1225 0.08 0.08
0 0.69375 0.96125 0.1075 0.0775
0 0.56375 0.97125 0.0975 0.0575
0 0.5575 0.8875 0.08 0.075
0 0.9575 0.8575 0.085 0.125
0 0.915 0.735 0.125 0.14
0 0.84375 0.85375 0.1225 0.1275
0 0.18375 0.2725 0.0725 0.085
0 0.51625 0.12375 0.0875 0.0975
0 0.82625 0.5825 0.0725 0.08
0 0.73375 0.86 0.1375 0.14
0 0.36625 0.6775 0.1075 0.1
0 0.4975 0.54875 0.055 0.0675
0 0.9675 0.67625 0.065 0.1075
0 0.2375 0.0475 0.125 0.09
0 0.72125 0.52875 0.0975 0.0975
0 0.9025 0.59 0.08 0.1
0 0.89375 0.4625 0.1475 0.14
0 0.61375 0.51625 0.1025 0.1225
0 0.08625 0.4475 0.0775 0.095
0 0.07375 0.0425 0.1425 0.08
0 0.7825 0.38625 0.065 0.0825
0 0.7175 0.3 0.14 0.105
0 0.86625 0.3225 0.1225 0.145
0 0.40375 0.89 0.0975 0.09
0 0.28625 0.91375 0.1575 0.1725
0 0.6675 0.15125 0.22 0.1825
0 0.41125 0.75 0.0875 0.105
0 0.3775 0.48375 0.145 0.1575
0 0.55 0.035 0.105 0.065
0 0.69125 0.40625 0.1175 0.1075
0 0.79 0.675 0.115 0.14
0 0.43875 0.17875 0.1075 0.0925
0 0.27625 0.59875 0.1225 0.1325
0 0.09625 0.86875 0.1875 0.2325
0 0.86875 0.155 0.1775 0.19
0 0.36375 0.10125 0.1125 0.0925
0 0.105 0.35 0.125 0.105
0 0.1725 0.53 0.135 0.145
0 0.2525 0.38125 0.12 0.1125
0 0.15 0.18375 0.14 0.1425
0 0.28125 0.18875 0.1325 0.1125
0 0.61375 0.71375 0.2275 0.2225
0 0.51875 0.34375 0.2425 0.2425
