0 0.35875 0.26625 0.1175 0.1225
0 0.28875 0.09375 0.1475 0.1825
0 0.1075 0.10125 0.21 0.1975
0 0.78875 0.1925 0.0775 0.07
0 0.0675 0.5725 0.085 0.1
0 0.92625 0.31375 0.1475 0.2175
0 0.48 0.96625 0.09 0.0675
0 0.65375 0.965 0.0725 0.07
0 0.9175 0.68125 0.095 0.0825
0 0.905 0.7675 0.085 0.085
0 0.335 0.775 0.095 0.075
0 0.245 0.2475 0.13 0.12
0 0.51875 0.29875 0.2525 0.3075
0 0.69625 0.54125 0.1025 0.1125
0 0.5525 0.06 0.09 0.095
0 0.76875 0.05 0.1025 0.095
0 0.91125 0.07875 0.1775 0.1525
0 0.935 0.515 0.13 0.185
0 0.8075 0.47 0.135 0.145
0 0.3625 0.39625 0.1 0.1225
0 0.81125 0.93625 0.2375 0.1275
0 0.51875 0.7125 0.0775 0.08
0 0.68875 0.635 0.0775 0.085
0 0.62375 0.71375 0.0925 0.0875
0 0.57625 0.97 0.0975 0.06
0 0.5825 0.84125 0.205 0.1775
0 0.17125 0.42 0.1875 0.21
0 0.78125 0.3075 0.1475 0.155
0 0.7975 0.67625 0.16 0.1825
0 0.33125 0.68125 0.1125 0.0975
0 0.35375 0.59 0.0725 0.07
0 0.39 0.54625 0.075 0.0725
0 0.49 0.58625 0.065 0.0625
0 0.435 0.68375 0.075 0.0725
0 0.33375 0.92875 0.2125 0.1425
0 0.08625 0.7125 0.1675 0.175
0 0.02875 0.93125 0.0525 0.0775
