0 0.8 0.30125 0.215 0.1475
0 0.5025 0.1375 0.295 0.27
0 0.8325 0.6525 0.19 0.16
0 0.03375 0.58375 0.0625 0.0875
0 0.875 0.475 0.19 0.21
0 0.6625 0.4 0.17 0.14
0 0.0475 0.1925 0.09 0.11
0 0.86625 0.81125 0.1975 0.1575
0 0.3625 0.94125 0.25 0.1175
0 0.8275 0.1175 0.29 0.23
0 0.29125 0.54375 0.3475 0.2575
0 0.56 0.95375 0.125 0.0925
0 0.3925 0.78 0.17 0.175
0 0.23 0.07875 0.095 0.1075
0 0.13625 0.9275 0.1825 0.145
0 0.205 0.78 0.105 0.13
0 0.07625 0.7325 0.1475 0.225
0 0.05625 0.06875 0.0825 0.1325
0 0.0275 0.46375 0.05 0.1625
0 0.17875 0.275 0.2475 0.28
0 0.80125 0.94 0.1575 0.12
0 0.58625 0.74125 0.1075 0.1025
0 0.49875 0.855 0.0975 0.12
0 0.5275 0.39375 0.11 0.1075
0 0.6825 0.96 0.085 0.08
0 0.60875 0.58375 0.2375 0.2275
0 0.69125 0.77625 0.1525 0.1525
0 0.39625 0.3225 0.1625 0.18
