0 0.67 0.09 0.07 0.065
0 0.96375 0.3225 0.0725 0.11
0 0.255 0.29375 0.145 0.1275
0 0.37875 0.32125 0.1075 0.0825
0 0.19625 0.1375 0.0975 0.12
0 0.79625 0.35625 0.2725 0.1925
0 0.755 0.9725 0.115 0.055
0 0.91 0.94 0.18 0.12
0 0.5125 0.4125 0.105 0.11
0 0.5 0.4875 0.04 0.045
0 0.7725 0.7725 0.08 0.07
0 0.775 0.885 0.11 0.12
0 0.93625 0.81375 0.1275 0.1175
0 0.2575 0.61875 0.095 0.0725
0 0.39625 0.43125 0.1475 0.1675
0 0.655 0.76625 0.15 0.1475
0 0.6225 0.91875 0.17 0.1625
0 0.6375 0.64125 0.095 0.0825
0 0.51375 0.68125 0.1325 0.1325
0 0.61625 0.41875 0.0975 0.0775
0 0.455 0.575 0.08 0.08
0 0.13375 0.915 0.2625 0.17
0 0.9125 0.67125 0.17 0.1675
0 0.58375 0.5325 0.1425 0.135
0 0.915 0.17 0.17 0.165
0 0.27875 0.68875 0.0775 0.0825
0 0.13125 0.7 0.2075 0.23
0 0.04125 0.49125 0.0775 0.1725
0 0.2125 0.4725 0.25 0.22
0 0.77125 0.07375 0.1725 0.1425
0 0.54625 0.18875 0.0925 0.0925
0 0.47 0.93375 0.12 0.1325
0 0.295 0.17625 0.1 0.1125
0 0.74875 0.51375 0.1575 0.1625
0 0.90625 0.53 0.1475 0.135
0 0.755 0.665 0.14 0.135
0 0.5825 0.31 0.165 0.145
0 0.3075 0.055 0.14 0.1
0 0.435 0.17 0.14 0.14
0 0.4675 0.04125 0.085 0.0775
0 0.57625 0.0575 0.1075 0.11
0 0.7225 0.20125 0.135 0.1075
0 0.355 0.83875 0.195 0.1625
0 0.06125 0.09125 0.1175 0.1775
0 0.09 0.26625 0.175 0.1975
0 0.4575 0.2825 0.08 0.09
0 0.375 0.67875 0.115 0.1425
