0 0.04125 0.9575 0.0775 0.085
0 0.07125 0.18 0.1375 0.11
0 0.405 0.3475 0.065 0.065
0 0.1975 0.52375 0.07 0.0875
0 0.92 0.59 0.16 0.17
0 0.6975 0.65875 0.1 0.1225
0 0.58625 0.67125 0.1375 0.1325
0 0.32 0.52875 0.09 0.0725
0 0.325 0.60625 0.115 0.0975
0 0.95625 0.06625 0.0875 0.1225
0 0.9475 0.2025 0.105 0.135
0 0.965 0.30375 0.07 0.1025
0 0.85875 0.4525 0.0875 0.09
0 0.925 0.88625 0.15 0.1375
0 0.77875 0.35625 0.1275 0.1275
0 0.93125 0.7425 0.1375 0.14
0 0.6475 0.1575 0.12 0.115
0 0.07125 0.06375 0.1375 0.1225
0 0.25875 0.24125 0.1125 0.1075
0 0.4075 0.08375 0.245 0.1575
0 0.17375 0.2 0.0675 0.065
0 0.12875 0.2975 0.1075 0.115
0 0.12625 0.41625 0.1175 0.1175
0 0.6525 0.58 0.095 0.085
0 0.72625 0.4875 0.1375 0.13
0 0.40875 0.4725 0.1175 0.12
0 0.0375 0.38 0.07 0.205
0 0.59125 0.06 0.0575 0.09
0 0.695 0.05 0.14 0.095
0 0.15375 0.8575 0.0975 0.115
0 0.6075 0.52875 0.07 0.0725
0 0.08125 0.89625 0.0575 0.0725
0 0.75875 0.89625 0.1875 0.2075
0 0.8275 0.14125 0.16 0.1525
0 0.8625 0.31 0.125 0.135
0 0.9375 0.415 0.1 0.1
0 0.15625 0.95375 0.0975 0.0925
0 0.46875 0.61125 0.1775 0.1675
0 0.48375 0.285 0.1175 0.1
0 0.34625 0.27 0.0975 0.105
0 0.48 0.40625 0.11 0.1225
0 0.08125 0.69875 0.1575 0.2125
0 0.74 0.23 0.095 0.12
0 0.29375 0.7 0.0775 0.1
0 0.21125 0.655 0.1125 0.15
0 0.25625 0.825 0.1125 0.1
0 0.4125 0.8825 0.155 0.16
0 0.26625 0.94125 0.1275 0.1175
0 0.40125 0.215 0.0725 0.08
0 0.59 0.83 0.14 0.155
0 0.41 0.735 0.15 0.15
0 0.53125 0.95375 0.1025 0.0925
0 0.2175 0.125 0.115 0.145
0 0.27125 0.40125 0.1625 0.1925
0 0.1025 0.5375 0.14 0.11
0 0.52875 0.17875 0.1225 0.1275
0 0.63625 0.40125 0.1525 0.1525
0 0.77875 0.5975 0.0925 0.115
0 0.6125 0.2675 0.1 0.09
