0 0.53375 0.25 0.1825 0.165
0 0.85875 0.69625 0.0675 0.0775
0 0.47 0.58375 0.04 0.0675
0 0.435 0.5075 0.065 0.075
0 0.38375 0.5775 0.1125 0.12
0 0.95125 0.285 0.0975 0.105
0 0.04125 0.53875 0.0775 0.1725
0 0.58875 0.9425 0.0775 0.095
0 0.3775 0.96375 0.1 0.0725
0 0.49625 0.95125 0.1075 0.0975
0 0.45 0.86 0.115 0.105
0 0.5725 0.825 0.155 0.15
0 0.425 0.73625 0.14 0.1325
0 0.715 0.2075 0.165 0.15
0 0.74125 0.0625 0.1875 0.12
0 0.88 0.605 0.07 0.105
0 0.925 0.4675 0.15 0.17
0 0.55 0.6525 0.15 0.15
0 0.27875 0.70875 0.1175 0.1325
0 0.945 0.9425 0.105 0.115
0 0.95625 0.65875 0.0875 0.0925
0 0.9325 0.7725 0.11 0.125
0 0.9325 0.065 0.135 0.125
0 0.87 0.2325 0.13 0.185
0 0.32875 0.0625 0.1175 0.12
0 0.065 0.3825 0.095 0.105
0 0.04375 0.6825 0.0825 0.12
0 0.1525 0.51875 0.075 0.0625
0 0.1275 0.58125 0.125 0.0975
0 0.465 0.0825 0.12 0.135
0 0.1525 0.6975 0.13 0.14
0 0.58125 0.1025 0.0875 0.11
0 0.365 0.1925 0.135 0.12
0 0.72625 0.94875 0.1775 0.1025
0 0.33875 0.45375 0.1225 0.1225
0 0.24125 0.935 0.1225 0.105
0 0.1225 0.94375 0.13 0.1125
0 0.04875 0.81125 0.0925 0.1375
0 0.145 0.09625 0.12 0.1275
0 0.03875 0.2625 0.0725 0.15
0 0.52125 0.54875 0.0775 0.0625
0 0.3325 0.63375 0.075 0.0775
0 0.19875 0.42875 0.1525 0.1175
0 0.2475 0.54375 0.105 0.1175
0 0.76875 0.77375 0.1675 0.1225
0 0.3325 0.8475 0.13 0.15
0 0.53875 0.41625 0.1625 0.1525
0 0.17875 0.825 0.0775 0.09
0 0.34875 0.31875 0.1375 0.1275
0 0.675 0.50375 0.13 0.1125
0 0.74375 0.62625 0.1525 0.1375
0 0.75 0.37375 0.15 0.1825
0 0.22 0.27125 0.105 0.1175
