0 0.12625 0.36625 0.1075 0.1625
0 0.8125 0.42 0.06 0.055
0 0.9 0.32875 0.07 0.0775
0 0.255 0.72625 0.115 0.1175
0 0.25875 0.06125 0.1175 0.1175
0 0.63625 0.9625 0.1025 0.075
0 0.68875 0.9225 0.0825 0.1
0 0.78625 0.97125 0.0875 0.0575
0 0.9625 0.55625 0.075 0.1275
0 0.9525 0.89875 0.095 0.0625
0 0.93375 0.97 0.1325 0.06
0 0.97 0.80875 0.06 0.1425
0 0.86875 0.685 0.1975 0.205
0 0.48125 0.0375 0.1125 0.07
0 0.805 0.0425 0.125 0.08
0 0.93625 0.07375 0.1275 0.1425
0 0.19 0.23875 0.11 0.1025
0 0.135 0.085 0.145 0.115
0 0.04875 0.665 0.0925 0.12
0 0.0475 0.78625 0.09 0.1275
0 0.44375 0.68375 0.1175 0.1525
0 0.60875 0.67625 0.2175 0.2275
0 0.4975 0.16625 0.1 0.0825
0 0.9425 0.2075 0.115 0.14
0 0.86625 0.83 0.0925 0.08
0 0.0325 0.375 0.06 0.13
0 0.0525 0.535 0.1 0.165
0 0.13875 0.76125 0.1025 0.1425
0 0.16 0.615 0.14 0.105
0 0.61875 0.47875 0.0825 0.1175
0 0.36375 0.74375 0.0725 0.0725
0 0.3325 0.8525 0.17 0.14
0 0.4825 0.95 0.105 0.1
0 0.34375 0.9575 0.1175 0.085
0 0.05 0.20875 0.095 0.1775
0 0.49125 0.8275 0.0975 0.11
0 0.51 0.2875 0.16 0.155
0 0.80125 0.3275 0.1275 0.13
0 0.88875 0.415 0.0775 0.085
0 0.72875 0.83875 0.0925 0.0975
0 0.1575 0.915 0.21 0.17
0 0.33375 0.0475 0.0725 0.08
0 0.845 0.90625 0.095 0.0925
0 0.5425 0.1 0.08 0.09
0 0.80125 0.1675 0.1625 0.17
0 0.68625 0.415 0.1125 0.115
0 0.7475 0.4675 0.095 0.1
0 0.66 0.14 0.135 0.16
0 0.2875 0.43 0.215 0.25
0 0.59375 0.8675 0.1125 0.105
0 0.86375 0.52375 0.1675 0.1475
0 0.31875 0.2 0.1775 0.175
0 0.65375 0.30625 0.1275 0.1125
0 0.3075 0.6225 0.135 0.14
0 0.495 0.4725 0.17 0.18
