0 0.80625 0.055 0.1225 0.085
0 0.96 0.77125 0.08 0.0975
0 0.735 0.395 0.08 0.09
0 0.5275 0.0975 0.075 0.07
0 0.495 0.0325 0.1 0.06
0 0.06625 0.06875 0.1275 0.1325
0 0.2525 0.20375 0.095 0.1175
0 0.95625 0.15875 0.0875 0.1025
0 0.96 0.3725 0.08 0.09
0 0.9675 0.26625 0.065 0.1025
0 0.79 0.68875 0.09 0.1175
0 0.87625 0.69875 0.0875 0.0925
0 0.9525 0.64125 0.095 0.1625
0 0.83125 0.6 0.0875 0.085
0 0.90625 0.3975 0.0825 0.09
0 0.04875 0.6675 0.0925 0.16
0 0.0625 0.8025 0.09 0.115
0 0.04625 0.545 0.0875 0.085
0 0.145 0.66 0.1 0.11
0 0.53 0.4975 0.12 0.13
0 0.4625 0.56875 0.09 0.0725
0 0.505 0.71125 0.125 0.0875
0 0.44625 0.9725 0.0625 0.055
0 0.5525 0.95 0.135 0.1
0 0.73375 0.955 0.1875 0.09
0 0.15 0.9575 0.065 0.085
0 0.93875 0.95375 0.1225 0.0925
0 0.6375 0.2175 0.14 0.11
0 0.7175 0.3125 0.095 0.115
0 0.64875 0.0825 0.1275 0.16
0 0.1575 0.3675 0.09 0.115
0 0.22375 0.93875 0.1025 0.1225
0 0.33375 0.955 0.1275 0.09
0 0.6925 0.49875 0.185 0.1525
0 0.9075 0.49625 0.09 0.1225
0 0.5625 0.6275 0.15 0.115
0 0.3675 0.17375 0.155 0.1425
0 0.55875 0.15875 0.0625 0.0575
0 0.9125 0.08 0.095 0.095
0 0.67125 0.8375 0.1125 0.1
0 0.77875 0.82875 0.1175 0.1425
0 0.84125 0.90875 0.0575 0.0725
0 0.8125 0.3875 0.115 0.15
0 0.3475 0.62 0.11 0.09
0 0.1325 0.47375 0.07 0.0725
0 0.21125 0.46125 0.1025 0.1075
0 0.4775 0.2325 0.105 0.135
0 0.2325 0.575 0.105 0.115
0 0.32875 0.48625 0.1775 0.1575
0 0.4375 0.45625 0.065 0.0825
0 0.96875 0.8725 0.0625 0.08
0 0.91625 0.81875 0.0625 0.0775
0 0.86125 0.765 0.0675 0.075
0 0.70125 0.64625 0.1425 0.1325
0 0.59625 0.35 0.1825 0.155
0 0.80625 0.13625 0.1325 0.1375
0 0.0525 0.42375 0.1 0.1475
0 0.32375 0.69125 0.1025 0.0675
0 0.24 0.705 0.06 0.08
0 0.15875 0.7825 0.1225 0.12
0 0.545 0.815 0.13 0.115
0 0.6225 0.7325 0.12 0.1
0 0.8575 0.265 0.12 0.125
0 0.05375 0.92625 0.1025 0.1425
0 0.3825 0.07 0.14 0.135
0 0.23 0.07125 0.14 0.1375
0 0.13125 0.2375 0.1575 0.13
0 0.2775 0.33875 0.13 0.1175
0 0.395 0.345 0.13 0.13
0 0.365 0.81375 0.185 0.1775
