0 0.91875 0.03125 0.0825 0.0575
0 0.26625 0.54375 0.0625 0.0625
0 0.92875 0.09875 0.0825 0.0875
0 0.3475 0.8425 0.065 0.085
0 0.58625 0.9625 0.0925 0.075
0 0.9725 0.5275 0.055 0.07
0 0.09 0.76625 0.075 0.0975
0 0.0675 0.91875 0.075 0.0675
0 0.0575 0.05375 0.11 0.1025
0 0.9675 0.65125 0.065 0.0875
0 0.52125 0.485 0.0925 0.08
0 0.545 0.58625 0.085 0.1075
0 0.39125 0.0325 0.1475 0.06
0 0.225 0.20375 0.1 0.0725
0 0.22125 0.085 0.1325 0.15
0 0.72125 0.97125 0.1075 0.0575
0 0.78 0.87 0.125 0.15
0 0.9025 0.7625 0.16 0.135
0 0.9075 0.39625 0.14 0.1325
0 0.815 0.465 0.12 0.09
0 0.17875 0.55 0.0875 0.1
0 0.2375 0.59875 0.09 0.0925
0 0.41375 0.5525 0.1675 0.145
0 0.3625 0.7325 0.125 0.16
0 0.1375 0.97625 0.105 0.0475
0 0.32375 0.15375 0.1175 0.1325
0 0.12 0.1775 0.125 0.13
0 0.37875 0.4275 0.1675 0.14
0 0.4775 0.70375 0.175 0.1925
0 0.61375 0.05375 0.1825 0.1025
0 0.84375 0.115 0.1075 0.135
0 0.8975 0.25375 0.13 0.1475
0 0.4525 0.1375 0.145 0.125
0 0.44125 0.25875 0.1425 0.1575
0 0.59125 0.2125 0.1725 0.19
0 0.73375 0.19125 0.1425 0.1575
0 0.51 0.38625 0.095 0.1025
0 0.44625 0.86875 0.1425 0.1725
0 0.6125 0.86 0.175 0.18
0 0.7625 0.36125 0.125 0.1275
0 0.86125 0.575 0.1375 0.17
0 0.795 0.645 0.08 0.09
0 0.21125 0.7425 0.1725 0.2
0 0.9025 0.905 0.195 0.185
0 0.6675 0.4375 0.115 0.09
0 0.62375 0.55625 0.1025 0.1225
0 0.72125 0.51125 0.0825 0.0725
0 0.69 0.60625 0.115 0.0875
0 0.68875 0.71 0.1775 0.14
0 0.14375 0.31625 0.1725 0.1425
0 0.29125 0.30375 0.1275 0.1125
0 0.33125 0.63 0.0525 0.075
0 0.095 0.8425 0.09 0.07
0 0.24375 0.91875 0.1325 0.1425
0 0.65 0.33375 0.05 0.0675
0 0.5775 0.4325 0.085 0.085
0 0.035 0.69875 0.065 0.0975
0 0.08375 0.6125 0.1125 0.11
0 0.1275 0.45 0.12 0.13
0 0.23375 0.4525 0.1025 0.12
