0 0.2625 0.19 0.045 0.045
0 0.235 0.24 0.04 0.045
0 0.57 0.76875 0.2 0.1725
0 0.87125 0.21375 0.1225 0.0825
0 0.43125 0.4575 0.0575 0.06
0 0.595 0.075 0.07 0.065
0 0.2175 0.6425 0.14 0.08
0 0.2725 0.72625 0.085 0.0775
0 0.18125 0.73 0.0925 0.12
0 0.15875 0.49375 0.1625 0.2025
0 0.08375 0.7425 0.0925 0.075
0 0.16 0.86125 0.1 0.1275
0 0.96875 0.8575 0.0625 0.08
0 0.975 0.42125 0.05 0.1725
0 0.2575 0.04375 0.105 0.0825
0 0.35625 0.0325 0.0875 0.06
0 0.42 0.5275 0.06 0.06
0 0.96375 0.28 0.0725 0.105
0 0.94125 0.555 0.0675 0.085
0 0.0375 0.68125 0.07 0.0725
0 0.0275 0.56625 0.05 0.1325
0 0.12 0.07125 0.15 0.1375
0 0.04625 0.93125 0.0875 0.1325
0 0.04625 0.8075 0.0875 0.09
0 0.625 0.955 0.09 0.09
0 0.69875 0.93625 0.0675 0.0825
0 0.945 0.95 0.11 0.1
0 0.3725 0.7525 0.165 0.175
0 0.74 0.84875 0.09 0.0725
0 0.8075 0.9325 0.17 0.135
0 0.60875 0.645 0.0825 0.07
0 0.72375 0.70125 0.1675 0.2175
0 0.30125 0.90625 0.2025 0.1875
0 0.31375 0.62625 0.0675 0.0525
0 0.9625 0.19125 0.075 0.0725
0 0.84625 0.56125 0.0475 0.0575
0 0.95875 0.75 0.0825 0.115
0 0.435 0.9025 0.07 0.09
0 0.285 0.44375 0.065 0.0675
0 0.85 0.1275 0.11 0.105
0 0.72125 0.31625 0.0725 0.0625
0 0.06625 0.21375 0.0625 0.0825
0 0.04625 0.44375 0.0875 0.1125
0 0.1075 0.65375 0.095 0.0975
0 0.97125 0.6475 0.0575 0.07
0 0.405 0.2225 0.07 0.08
0 0.48125 0.6575 0.0775 0.075
0 0.16375 0.20625 0.0975 0.0875
0 0.96125 0.095 0.0775 0.12
0 0.32875 0.355 0.0675 0.065
0 0.65875 0.03875 0.0875 0.0675
0 0.5975 0.5075 0.27 0.185
0 0.78375 0.40375 0.1275 0.1325
0 0.9 0.44375 0.105 0.1225
0 0.83125 0.655 0.0625 0.085
0 0.89375 0.60875 0.0675 0.0875
0 0.4125 0.59875 0.095 0.0825
0 0.17875 0.33 0.1825 0.14
0 0.54125 0.9175 0.1025 0.105
0 0.48625 0.10875 0.1775 0.1375
0 0.74625 0.04375 0.0925 0.0825
0 0.11375 0.9625 0.0725 0.075
0 0.30625 0.54 0.1425 0.125
0 0.3375 0.12625 0.11 0.1125
0 0.49375 0.9825 0.0875 0.035
0 0.04375 0.31375 0.0825 0.0675
0 0.37125 0.41875 0.0725 0.0825
0 0.54375 0.27375 0.2025 0.1875
0 0.72 0.18125 0.17 0.1675
0 0.4475 0.3875 0.065 0.065
0 0.8375 0.81125 0.085 0.0875
0 0.8375 0.05625 0.075 0.0625
0 0.545 0.4 0.095 0.06
0 0.32 0.23875 0.095 0.1275
0 0.39375 0.3425 0.0675 0.075
0 0.79125 0.50625 0.0725 0.0825
0 0.8775 0.31375 0.12 0.1075
