0 0.30625 0.9675 0.0875 0.065
0 0.2825 0.89875 0.1 0.0775
0 0.86625 0.90375 0.0525 0.0525
0 0.59375 0.68125 0.1925 0.1825
0 0.9025 0.38125 0.075 0.0825
0 0.96625 0.38625 0.0675 0.0675
0 0.04625 0.61 0.0875 0.135
0 0.07625 0.74875 0.1225 0.1025
0 0.1475 0.8325 0.095 0.1
0 0.04125 0.85375 0.0775 0.1075
0 0.13125 0.945 0.1025 0.11
0 0.215 0.94 0.075 0.115
0 0.71625 0.945 0.1675 0.11
0 0.9475 0.9275 0.105 0.105
0 0.31875 0.4575 0.0975 0.065
0 0.3875 0.32125 0.085 0.0825
0 0.40125 0.395 0.0925 0.07
0 0.18625 0.62625 0.1225 0.1325
0 0.045 0.37875 0.085 0.1225
0 0.09625 0.05625 0.1875 0.1075
0 0.245 0.22875 0.18 0.1575
0 0.60625 0.84375 0.1375 0.1475
0 0.05125 0.95625 0.0975 0.0875
0 0.07625 0.20625 0.1475 0.1775
0 0.94125 0.29 0.1175 0.11
0 0.54125 0.5125 0.1425 0.1
0 0.68125 0.56 0.1475 0.165
0 0.7625 0.70125 0.12 0.1225
0 0.90125 0.57875 0.1975 0.3075
0 0.6125 0.11 0.1 0.095
0 0.72125 0.09625 0.1025 0.1275
0 0.54375 0.40875 0.1375 0.1275
0 0.41625 0.62375 0.0725 0.0825
0 0.42875 0.925 0.1625 0.15
0 0.55125 0.04375 0.1475 0.0825
0 0.2525 0.08875 0.13 0.1325
0 0.16875 0.3675 0.1475 0.135
0 0.43875 0.47875 0.0725 0.0875
0 0.17625 0.48875 0.1725 0.1175
0 0.5575 0.95375 0.095 0.0925
0 0.7775 0.8175 0.14 0.12
0 0.93 0.79625 0.125 0.1175
0 0.47125 0.77875 0.1125 0.1225
0 0.7825 0.23875 0.165 0.1775
0 0.6375 0.24875 0.135 0.1775
0 0.3825 0.12875 0.125 0.1675
0 0.3 0.3575 0.115 0.135
0 0.90625 0.15625 0.1575 0.1675
0 0.73375 0.40625 0.1375 0.1425
0 0.5 0.1175 0.105 0.115
0 0.485 0.26625 0.16 0.1575
0 0.32 0.5475 0.15 0.135
0 0.32625 0.75125 0.1975 0.1925
