0 0.02375 0.805 0.0425 0.085
0 0.975 0.13375 0.05 0.0425
0 0.965 0.685 0.07 0.085
0 0.81125 0.955 0.1325 0.09
0 0.88375 0.52375 0.2175 0.2125
0 0.67625 0.84125 0.0675 0.0625
0 0.845 0.275 0.125 0.135
0 0.73625 0.37625 0.1575 0.1525
0 0.86 0.375 0.075 0.06
0 0.4475 0.8575 0.12 0.11
0 0.56875 0.8325 0.1225 0.1
0 0.09 0.06125 0.175 0.1175
0 0.14625 0.1575 0.1025 0.085
0 0.15125 0.505 0.0975 0.09
0 0.70625 0.74625 0.0975 0.1025
0 0.56375 0.1475 0.0975 0.1
0 0.94375 0.95125 0.1125 0.0975
0 0.11375 0.91625 0.1425 0.1225
0 0.1675 0.4175 0.09 0.11
0 0.055 0.56625 0.105 0.2375
0 0.1575 0.60375 0.11 0.1025
0 0.13875 0.75375 0.1725 0.1675
0 0.2825 0.675 0.14 0.145
0 0.285 0.8675 0.185 0.215
0 0.63125 0.93625 0.2025 0.1275
0 0.76 0.8575 0.115 0.11
0 0.04125 0.22375 0.0775 0.2075
0 0.0825 0.37375 0.095 0.1025
0 0.4525 0.73625 0.16 0.1375
0 0.64875 0.66625 0.1175 0.1075
0 0.925 0.8425 0.15 0.135
0 0.825 0.04875 0.125 0.0925
0 0.9425 0.045 0.105 0.085
0 0.57875 0.73125 0.0875 0.0925
0 0.24 0.105 0.135 0.125
0 0.19125 0.26875 0.1625 0.1475
0 0.24625 0.39625 0.1175 0.1275
0 0.2475 0.52 0.125 0.1
0 0.37375 0.57125 0.1775 0.1375
0 0.71375 0.25375 0.1225 0.1125
0 0.59 0.055 0.14 0.105
0 0.44875 0.175 0.1225 0.12
0 0.3775 0.4225 0.13 0.14
0 0.55 0.325 0.2 0.23
0 0.83625 0.70375 0.1675 0.1375
0 0.405 0.055 0.155 0.105
0 0.46875 0.95375 0.1525 0.0925
0 0.7275 0.5975 0.115 0.125
0 0.94875 0.33625 0.1025 0.1125
0 0.96375 0.21 0.0725 0.1
0 0.70875 0.05875 0.0975 0.1025
0 0.8 0.155 0.125 0.13
0 0.41 0.29 0.115 0.115
0 0.55 0.5275 0.165 0.185
