0 0.5975 0.82 0.035 0.035
0 0.97875 0.67 0.0325 0.05
0 0.035 0.2925 0.04 0.04
0 0.1575 0.28625 0.035 0.0275
0 0.6625 0.30375 0.03 0.0375
0 0.06375 0.185 0.0275 0.025
0 0.905 0.7675 0.035 0.025
0 0.98625 0.13375 0.0275 0.0425
0 0.975 0.185 0.05 0.055
0 0.1825 0.46375 0.055 0.0425
0 0.1625 0.66875 0.05 0.0575
0 0.02375 0.2075 0.0325 0.04
0 0.6 0.0475 0.05 0.055
0 0.955 0.475 0.04 0.03
0 0.06625 0.06625 0.0325 0.0375
0 0.55 0.08375 0.04 0.0425
0 0.33875 0.17625 0.0525 0.0475
0 0.1025 0.68 0.055 0.05
0 0.10625 0.045 0.0575 0.06
0 0.3675 0.2475 0.055 0.06
0 0.4 0.32125 0.055 0.0525
0 0.8925 0.01875 0.04 0.0325
0 0.94875 0.02 0.0375 0.035
0 0.97 0.075 0.035 0.04
0 0.98375 0.2325 0.0325 0.045
0 0.9175 0.14625 0.03 0.0275
0 0.92625 0.11625 0.0375 0.0275
0 0.6025 0.105 0.045 0.04
0 0.55125 0.1375 0.0675 0.07
0 0.79125 0.275 0.0475 0.05
0 0.76125 0.2325 0.0575 0.035
0 0.77125 0.19375 0.0475 0.0375
0 0.8275 0.38375 0.045 0.0475
0 0.92625 0.3775 0.0725 0.075
0 0.85875 0.51 0.0475 0.05
0 0.225 0.09 0.06 0.06
0 0.16625 0.11375 0.0575 0.0575
0 0.89875 0.5675 0.0575 0.055
0 0.9175 0.51875 0.06 0.0625
0 0.85375 0.555 0.0475 0.04
0 0.8025 0.42125 0.05 0.0425
0 0.77375 0.44625 0.0375 0.0425
0 0.83125 0.22875 0.0525 0.0675
0 0.94125 0.08375 0.0325 0.0375
0 0.9575 0.135 0.025 0.03
0 0.925 0.045 0.03 0.04
0 0.72625 0.0325 0.0875 0.06
0 0.97125 0.28375 0.0575 0.0575
0 0.9625 0.61375 0.055 0.0575
0 0.94125 0.675 0.0375 0.055
0 0.86625 0.77125 0.0425 0.0375
0 0.86875 0.71125 0.0525 0.0475
0 0.32625 0.12875 0.0475 0.0475
0 0.28625 0.16125 0.0525 0.0475
0 0.22 0.2325 0.035 0.04
0 0.25 0.34 0.03 0.03
0 0.04 0.12625 0.04 0.0325
0 0.065 0.1075 0.04 0.035
0 0.2875 0.04125 0.075 0.0775
0 0.19375 0.045 0.0525 0.045
0 0.68 0.1875 0.055 0.045
0 0.66875 0.235 0.0475 0.045
0 0.98625 0.86875 0.0275 0.0525
0 0.97875 0.9425 0.0425 0.06
0 0.92875 0.9725 0.0675 0.055
0 0.97125 0.8 0.0525 0.06
0 0.8525 0.8725 0.04 0.06
0 0.90125 0.86125 0.0625 0.0575
0 0.805 0.8725 0.06 0.07
0 0.545 0.43375 0.07 0.0775
0 0.58375 0.48 0.0825 0.055
0 0.415 0.5475 0.055 0.065
0 0.34625 0.5625 0.0325 0.03
0 0.335 0.60125 0.045 0.0375
0 0.28625 0.6 0.0475 0.045
0 0.28 0.53875 0.03 0.0325
0 0.28375 0.49625 0.0525 0.0475
0 0.16 0.5075 0.04 0.045
0 0.01875 0.76125 0.0325 0.0725
0 0.06375 0.75625 0.0575 0.0575
0 0.12875 0.74125 0.0775 0.0725
0 0.69875 0.81 0.0375 0.045
0 0.655 0.87625 0.035 0.0325
0 0.47875 0.4725 0.0575 0.045
0 0.48125 0.31625 0.0425 0.0425
0 0.22125 0.35875 0.0325 0.0375
0 0.1825 0.24625 0.045 0.0475
0 0.02625 0.41625 0.0475 0.0725
0 0.105 0.5275 0.07 0.085
0 0.25625 0.3025 0.0275 0.03
0 0.49875 0.12375 0.0375 0.0375
0 0.47125 0.1425 0.0375 0.035
0 0.4625 0.5375 0.045 0.05
0 0.1275 0.8175 0.055 0.05
0 0.74875 0.57125 0.0825 0.0725
0 0.685 0.61375 0.05 0.0425
0 0.71875 0.64625 0.0425 0.0325
0 0.73375 0.69125 0.0675 0.0525
0 0.705 0.73625 0.07 0.0575
0 0.6525 0.55375 0.065 0.0625
0 0.685 0.4925 0.075 0.08
0 0.31875 0.42 0.0775 0.075
0 0.17875 0.41875 0.0525 0.0525
0 0.52125 0.75625 0.0325 0.0425
0 0.46375 0.78125 0.0625 0.0625
0 0.91375 0.7275 0.0375 0.04
0 0.87125 0.8125 0.0525 0.04
0 0.615 0.63125 0.055 0.0625
0 0.615 0.69375 0.055 0.0525
0 0.8925 0.06625 0.055 0.0525
0 0.76875 0.1575 0.0475 0.04
0 0.4325 0.0625 0.075 0.07
0 0.40875 0.10375 0.0375 0.0325
0 0.49375 0.19375 0.0525 0.0475
0 0.5525 0.21375 0.065 0.0675
0 0.54125 0.28 0.0675 0.075
0 0.6875 0.975 0.055 0.05
0 0.7325 0.95 0.06 0.045
0 0.82125 0.5275 0.0375 0.04
0 0.9325 0.19 0.05 0.05
0 0.07 0.165 0.03 0.025
0 0.1575 0.3475 0.045 0.04
0 0.2925 0.24125 0.07 0.0675
0 0.3175 0.2975 0.04 0.03
0 0.40375 0.365 0.0625 0.055
0 0.45625 0.36375 0.0475 0.0525
0 0.47125 0.4325 0.0525 0.04
0 0.2725 0.85625 0.04 0.0425
0 0.2525 0.54875 0.03 0.0375
0 0.39 0.71 0.03 0.025
0 0.35375 0.71125 0.0275 0.0325
0 0.49625 0.60125 0.0275 0.0325
0 0.49 0.64 0.035 0.04
0 0.445 0.645 0.045 0.04
0 0.53625 0.6425 0.0475 0.035
0 0.5575 0.565 0.04 0.04
0 0.56375 0.61 0.0375 0.03
0 0.56125 0.68625 0.0525 0.0575
0 0.5825 0.74875 0.03 0.0225
0 0.65125 0.755 0.0325 0.025
0 0.66875 0.7825 0.0375 0.04
0 0.7275 0.89 0.05 0.045
0 0.68875 0.92125 0.0425 0.0475
0 0.1525 0.905 0.06 0.035
0 0.14375 0.9425 0.0625 0.04
0 0.22125 0.93125 0.0625 0.0425
0 0.195 0.9625 0.03 0.03
0 0.2975 0.715 0.025 0.035
0 0.38 0.745 0.045 0.045
0 0.565 0.785 0.03 0.035
0 0.63875 0.81375 0.0475 0.0525
0 0.57375 0.8725 0.0775 0.08
0 0.6375 0.9225 0.03 0.03
0 0.4625 0.58875 0.045 0.0425
0 0.12 0.16625 0.035 0.0375
0 0.8725 0.18375 0.045 0.0475
0 0.30625 0.89125 0.0425 0.0475
0 0.23875 0.6525 0.0525 0.06
0 0.73375 0.44 0.0425 0.045
0 0.4875 0.69625 0.07 0.0675
0 0.3875 0.60625 0.045 0.0575
0 0.52375 0.59375 0.0325 0.0325
0 0.79 0.115 0.05 0.05
0 0.06625 0.35375 0.0475 0.0575
0 0.1275 0.4 0.05 0.055
0 0.465 0.245 0.045 0.04
0 0.04875 0.83875 0.0625 0.0575
0 0.4575 0.9575 0.07 0.065
0 0.33375 0.815 0.0725 0.07
0 0.105 0.455 0.035 0.045
0 0.81375 0.7325 0.0425 0.05
0 0.65125 0.1525 0.0525 0.05
0 0.98125 0.345 0.0375 0.055
0 0.6175 0.29375 0.055 0.0725
0 0.84125 0.965 0.0675 0.065
0 0.8025 0.065 0.05 0.055
