0 0.805 0.24875 0.035 0.0425
0 0.8525 0.17125 0.045 0.0475
0 0.2875 0.95 0.045 0.04
0 0.25 0.055 0.035 0.035
0 0.57625 0.38375 0.0375 0.0425
0 0.325 0.01375 0.03 0.0225
0 0.79875 0.31375 0.0375 0.0425
0 0.13875 0.28625 0.0375 0.0375
0 0.10625 0.03375 0.0225 0.0175
0 0.1325 0.03375 0.035 0.0325
0 0.57125 0.2675 0.0275 0.02
0 0.52875 0.21875 0.0275 0.0275
0 0.4625 0.20875 0.015 0.0225
0 0.91 0.9875 0.03 0.02
0 0.96625 0.955 0.0225 0.025
0 0.97375 0.90875 0.0325 0.0325
0 0.03625 0.315 0.0375 0.03
0 0.2875 0.06875 0.03 0.0375
0 0.1275 0.975 0.065 0.05
0 0.855 0.38875 0.06 0.0475
0 0.02125 0.15125 0.0375 0.0575
0 0.61625 0.75875 0.0425 0.0425
0 0.96875 0.21125 0.0625 0.0475
0 0.7225 0.98125 0.05 0.0375
0 0.9625 0.02625 0.06 0.0475
0 0.325 0.98125 0.055 0.0375
0 0.41625 0.96375 0.0675 0.0675
0 0.15875 0.03125 0.0325 0.0525
0 0.03125 0.25125 0.0575 0.0775
0 0.88875 0.945 0.0325 0.03
0 0.98125 0.80375 0.0375 0.0475
0 0.94125 0.6775 0.0675 0.06
0 0.4175 0.03 0.055 0.055
0 0.78375 0.2175 0.0325 0.045
0 0.84375 0.43375 0.0425 0.0425
0 0.81 0.42625 0.035 0.0425
0 0.33 0.08125 0.05 0.0425
0 0.07875 0.1175 0.0375 0.045
0 0.0225 0.73875 0.04 0.0525
0 0.71875 0.85 0.0775 0.09
0 0.9775 0.45 0.045 0.035
0 0.9825 0.49125 0.035 0.0425
0 0.97375 0.52 0.0475 0.04
0 0.94125 0.55 0.0575 0.045
0 0.9525 0.61125 0.075 0.0575
0 0.8925 0.79625 0.05 0.0525
0 0.84 0.8075 0.05 0.06
0 0.2125 0.94 0.08 0.075
0 0.15875 0.8625 0.0875 0.085
0 0.28 0.28875 0.04 0.0375
0 0.3475 0.14 0.075 0.075
0 0.9475 0.15875 0.04 0.0525
0 0.9025 0.16125 0.05 0.0425
0 0.87125 0.225 0.0875 0.06
0 0.97125 0.28375 0.0575 0.0875
0 0.98375 0.40375 0.0325 0.0325
0 0.4775 0.38 0.035 0.035
0 0.3475 0.51125 0.07 0.0675
0 0.44375 0.4425 0.0975 0.08
0 0.35875 0.4375 0.0775 0.07
0 0.44625 0.52375 0.0625 0.0625
0 0.39375 0.55125 0.0525 0.0625
0 0.44 0.3175 0.06 0.05
0 0.76875 0.63625 0.0575 0.0575
0 0.6225 0.49875 0.035 0.0525
0 0.58 0.50375 0.06 0.0525
0 0.5675 0.57625 0.06 0.0725
0 0.6275 0.565 0.065 0.07
0 0.515 0.04625 0.05 0.0525
0 0.3575 0.0425 0.04 0.04
0 0.29375 0.19125 0.0575 0.0575
0 0.15875 0.0975 0.0425 0.055
0 0.11875 0.07875 0.0375 0.0525
0 0.6675 0.475 0.05 0.075
0 0.64625 0.71875 0.0425 0.0375
0 0.65125 0.6675 0.0475 0.045
0 0.7 0.64 0.04 0.05
0 0.6775 0.88125 0.035 0.0475
0 0.6125 0.8975 0.035 0.045
0 0.5175 0.8425 0.05 0.065
0 0.535 0.7975 0.035 0.04
0 0.46 0.8425 0.04 0.05
0 0.12125 0.37375 0.0525 0.0575
0 0.2325 0.22875 0.065 0.0625
0 0.63875 0.05125 0.0575 0.0625
0 0.82375 0.12125 0.0425 0.0475
0 0.71625 0.4675 0.0425 0.05
0 0.22 0.37 0.05 0.055
0 0.595 0.69125 0.06 0.0575
0 0.435 0.905 0.04 0.045
0 0.29625 0.88125 0.0425 0.0425
0 0.355 0.69375 0.04 0.0375
0 0.37125 0.63625 0.0725 0.0825
0 0.4725 0.6425 0.045 0.045
0 0.415 0.74125 0.035 0.0275
0 0.4225 0.795 0.035 0.03
0 0.325 0.82 0.045 0.055
0 0.39 0.82625 0.035 0.0525
0 0.51125 0.91375 0.0325 0.0275
0 0.5725 0.9425 0.03 0.035
0 0.645 0.9525 0.04 0.05
0 0.79875 0.7275 0.0425 0.04
0 0.85375 0.75875 0.0375 0.0375
0 0.9 0.87 0.055 0.075
0 0.12625 0.3175 0.0325 0.045
0 0.01875 0.50875 0.0325 0.0575
0 0.06375 0.49 0.0375 0.06
0 0.10375 0.63875 0.0375 0.0475
0 0.0925 0.68 0.035 0.04
0 0.71 0.175 0.105 0.07
0 0.6975 0.2425 0.105 0.06
0 0.77625 0.4625 0.0675 0.06
0 0.765 0.5325 0.08 0.08
0 0.7625 0.69125 0.05 0.0475
0 0.79125 0.765 0.0375 0.03
0 0.3075 0.6825 0.055 0.065
0 0.41875 0.6975 0.0575 0.065
0 0.865 0.09875 0.035 0.0325
0 0.6775 0.11875 0.055 0.0525
0 0.77875 0.12 0.0475 0.045
0 0.715 0.42 0.04 0.045
0 0.625 0.82125 0.06 0.0725
0 0.37375 0.73625 0.0375 0.0375
0 0.365 0.765 0.04 0.03
0 0.32 0.755 0.035 0.045
0 0.285 0.775 0.035 0.045
0 0.1 0.4225 0.04 0.04
0 0.1525 0.465 0.1 0.1
0 0.62875 0.26 0.0425 0.05
0 0.6475 0.31375 0.075 0.0575
0 0.72375 0.30625 0.0375 0.0475
0 0.77125 0.27125 0.0375 0.0475
0 0.43 0.0925 0.06 0.055
0 0.43375 0.15625 0.0525 0.0625
0 0.3025 0.33125 0.05 0.0475
0 0.90125 0.74625 0.0375 0.0425
0 0.70875 0.68625 0.0475 0.0525
0 0.66875 0.3825 0.0475 0.06
0 0.8675 0.2925 0.05 0.05
0 0.81625 0.35625 0.0375 0.0375
0 0.76 0.385 0.05 0.05
0 0.4875 0.31625 0.05 0.0375
0 0.52125 0.37625 0.0525 0.0525
0 0.54625 0.43625 0.0625 0.0475
0 0.5075 0.53 0.05 0.06
0 0.46 0.5775 0.055 0.055
0 0.29 0.56 0.08 0.08
0 0.22625 0.64375 0.0625 0.0575
