0 0.44625 0.455 0.0525 0.05
0 0.23375 0.9425 0.0275 0.025
0 0.6975 0.805 0.035 0.035
0 0.8525 0.17625 0.03 0.0325
0 0.08 0.06375 0.035 0.0275
0 0.59875 0.40375 0.0225 0.0275
0 0.65125 0.3425 0.0575 0.05
0 0.51625 0.7525 0.0325 0.04
0 0.91375 0.255 0.0525 0.065
0 0.8675 0.46625 0.035 0.0275
0 0.8975 0.01875 0.035 0.0325
0 0.3375 0.26 0.04 0.035
0 0.16375 0.86 0.0225 0.03
0 0.25375 0.97125 0.0425 0.0375
0 0.135 0.03625 0.04 0.0375
0 0.165 0.30125 0.035 0.0375
0 0.34875 0.33875 0.0675 0.0575
0 0.48375 0.24125 0.0375 0.0375
0 0.61875 0.115 0.0425 0.045
0 0.865 0.0875 0.045 0.04
0 0.49375 0.55 0.0325 0.035
0 0.25 0.90125 0.035 0.0375
0 0.29 0.77625 0.05 0.0525
0 0.52875 0.45625 0.0175 0.0225
0 0.57875 0.49625 0.0425 0.0425
0 0.65 0.84875 0.04 0.0375
0 0.11375 0.89125 0.0325 0.0325
0 0.43 0.29875 0.04 0.0375
0 0.42875 0.3925 0.0375 0.035
0 0.2425 0.77875 0.04 0.0325
0 0.3175 0.83875 0.04 0.0425
0 0.43625 0.82125 0.0375 0.0375
0 0.94875 0.03875 0.0375 0.0425
0 0.43 0.71875 0.045 0.0475
0 0.06125 0.97375 0.0175 0.0125
0 0.17625 0.9675 0.0275 0.03
0 0.855 0.9 0.025 0.03
0 0.12 0.20125 0.045 0.0375
0 0.89 0.44 0.04 0.035
0 0.5175 0.4975 0.045 0.055
0 0.25625 0.74 0.0475 0.045
0 0.08 0.44625 0.025 0.0275
0 0.1975 0.55875 0.055 0.0325
0 0.19 0.52 0.04 0.03
0 0.03625 0.02875 0.0375 0.0425
0 0.05 0.09375 0.025 0.0275
0 0.0925 0.095 0.03 0.03
0 0.1775 0.3425 0.045 0.05
0 0.92625 0.87 0.0525 0.055
0 0.48125 0.7625 0.0325 0.02
0 0.475 0.70375 0.02 0.0325
0 0.4525 0.18875 0.05 0.0425
0 0.615 0.22875 0.025 0.0225
0 0.7625 0.1325 0.035 0.035
0 0.78125 0.09 0.0325 0.03
0 0.77875 0.035 0.0375 0.045
0 0.82875 0.08625 0.0475 0.0475
0 0.565 0.43125 0.035 0.0325
0 0.03875 0.73375 0.0725 0.0775
0 0.04375 0.6075 0.0825 0.12
0 0.135 0.28 0.035 0.04
0 0.11125 0.3775 0.0975 0.095
0 0.21 0.32125 0.04 0.0375
0 0.0625 0.2425 0.08 0.08
0 0.85125 0.03 0.0325 0.035
0 0.82125 0.02625 0.0275 0.0325
0 0.7425 0.09375 0.025 0.0375
0 0.79625 0.18125 0.0425 0.0475
0 0.88375 0.85875 0.0275 0.0275
0 0.365 0.90375 0.065 0.0625
0 0.195 0.6125 0.055 0.065
0 0.255 0.6325 0.055 0.055
0 0.26 0.69 0.06 0.05
0 0.045 0.95 0.02 0.02
0 0.16 0.92125 0.05 0.0475
0 0.02625 0.83125 0.0475 0.0425
0 0.09 0.8425 0.04 0.04
0 0.07875 0.915 0.0325 0.04
0 0.13375 0.97 0.0275 0.035
0 0.21375 0.9725 0.0225 0.03
0 0.05875 0.79625 0.0475 0.0475
0 0.02375 0.925 0.0425 0.035
0 0.56375 0.76375 0.0525 0.0575
0 0.59125 0.465 0.0275 0.03
0 0.23625 0.4275 0.0825 0.085
0 0.14375 0.48125 0.0525 0.0675
0 0.28 0.825 0.04 0.04
0 0.29375 0.90125 0.0475 0.0425
0 0.19625 0.85 0.0425 0.04
0 0.1025 0.78 0.055 0.06
0 0.15875 0.785 0.0375 0.055
0 0.20875 0.72875 0.0375 0.0425
0 0.125 0.1325 0.045 0.05
0 0.34875 0.6875 0.0725 0.1
0 0.38 0.83 0.075 0.055
0 0.375 0.77375 0.055 0.0575
0 0.6575 0.0475 0.035 0.03
0 0.6575 0.11 0.03 0.05
0 0.58125 0.12125 0.0275 0.0525
0 0.7075 0.24375 0.115 0.1325
0 0.8825 0.155 0.04 0.04
0 0.93875 0.13125 0.0675 0.0825
0 0.94625 0.1875 0.0475 0.04
0 0.95 0.755 0.035 0.03
0 0.975 0.73 0.03 0.02
0 0.94125 0.8025 0.0475 0.04
0 0.935 0.7125 0.025 0.025
0 0.98125 0.6975 0.0375 0.03
0 0.84375 0.8575 0.0325 0.04
0 0.90375 0.8175 0.0375 0.035
0 0.82125 0.945 0.0425 0.05
0 0.37875 0.62125 0.0325 0.0275
0 0.45125 0.62375 0.0675 0.0675
0 0.415 0.355 0.05 0.035
0 0.46375 0.27125 0.0325 0.0325
0 0.40125 0.22375 0.0575 0.0575
0 0.5475 0.3075 0.11 0.115
0 0.3175 0.1875 0.045 0.035
0 0.3075 0.22375 0.04 0.0375
0 0.25375 0.2075 0.0425 0.04
0 0.3325 0.3875 0.045 0.05
0 0.29125 0.385 0.0475 0.05
0 0.6425 0.17375 0.065 0.0375
0 0.595 0.165 0.02 0.04
0 0.72 0.0375 0.05 0.045
0 0.695 0.105 0.035 0.035
0 0.71875 0.13625 0.0475 0.0525
0 0.8175 0.54125 0.04 0.0475
0 0.5175 0.71625 0.035 0.0375
0 0.43375 0.905 0.0425 0.055
0 0.48875 0.875 0.0475 0.045
0 0.2125 0.09125 0.04 0.0525
0 0.37375 0.14375 0.0425 0.0475
0 0.52875 0.0825 0.0175 0.015
0 0.56125 0.07625 0.0225 0.0225
0 0.60625 0.07 0.0375 0.03
0 0.96625 0.25 0.0675 0.075
0 0.80875 0.4525 0.0275 0.03
0 0.79125 0.4675 0.0225 0.025
0 0.765 0.6925 0.03 0.035
0 0.83 0.70625 0.045 0.0475
0 0.81875 0.77375 0.0875 0.0825
0 0.83875 0.65875 0.0475 0.0475
0 0.9825 0.56 0.035 0.04
0 0.9725 0.62375 0.045 0.0475
0 0.905 0.74875 0.04 0.0375
0 0.79375 0.86625 0.0475 0.0425
0 0.74125 0.98375 0.0425 0.0325
0 0.5775 0.86125 0.035 0.0325
0 0.62 0.8525 0.035 0.045
0 0.685 0.84125 0.04 0.0325
0 0.74375 0.84375 0.0275 0.0275
0 0.29625 0.97375 0.0575 0.0525
0 0.215 0.905 0.035 0.03
0 0.12375 0.55125 0.0575 0.0625
0 0.59125 0.5425 0.0425 0.045
0 0.56625 0.59125 0.0625 0.0625
0 0.5475 0.66125 0.03 0.0275
0 0.505 0.67625 0.03 0.0325
0 0.83125 0.22125 0.0525 0.0675
0 0.4425 0.54375 0.06 0.0575
0 0.4875 0.41875 0.045 0.0525
0 0.3325 0.13125 0.035 0.0375
0 0.69375 0.68375 0.0375 0.0475
0 0.92375 0.5475 0.0525 0.05
0 0.87125 0.56625 0.0325 0.0425
0 0.14 0.64875 0.045 0.0425
0 0.4925 0.145 0.06 0.055
0 0.25625 0.25875 0.0525 0.0425
0 0.64375 0.395 0.0775 0.055
0 0.6975 0.57375 0.075 0.0775
0 0.905 0.415 0.03 0.035
0 0.77875 0.48875 0.0275 0.0325
0 0.36375 0.57125 0.0475 0.0425
0 0.5775 0.92 0.06 0.06
0 0.55375 0.1625 0.0475 0.05
0 0.3175 0.5875 0.05 0.05
0 0.94625 0.34875 0.0725 0.0975
0 0.66 0.47875 0.05 0.0475
