0 0.83125 0.81625 0.0375 0.0425
0 0.55 0.12125 0.035 0.0425
0 0.17375 0.02125 0.0475 0.0375
0 0.37625 0.755 0.0325 0.035
0 0.10875 0.16375 0.0475 0.0425
0 0.24875 0.275 0.0475 0.045
0 0.36625 0.32125 0.0275 0.0375
0 0.0375 0.93125 0.065 0.0625
0 0.165 0.09 0.05 0.07
0 0.335 0.65625 0.03 0.0375
0 0.1625 0.76875 0.05 0.0425
0 0.3725 0.22125 0.05 0.0425
0 0.97 0.75125 0.035 0.0425
0 0.0275 0.865 0.05 0.06
0 0.0325 0.795 0.06 0.06
0 0.11 0.1125 0.045 0.05
0 0.02375 0.23375 0.0425 0.0475
0 0.10625 0.2975 0.0725 0.065
0 0.9875 0.71125 0.025 0.0425
0 0.9775 0.0625 0.045 0.055
0 0.91375 0.08375 0.0475 0.0425
0 0.9325 0.05125 0.04 0.0425
0 0.69875 0.05375 0.0425 0.0425
0 0.56875 0.03125 0.0425 0.0425
0 0.5575 0.07875 0.05 0.0475
0 0.81125 0.975 0.0575 0.05
0 0.34625 0.79125 0.0525 0.0425
0 0.33375 0.83875 0.0725 0.0475
0 0.5825 0.755 0.05 0.05
0 0.6425 0.83 0.05 0.06
0 0.5925 0.8525 0.06 0.075
0 0.56 0.8075 0.05 0.05
0 0.7125 0.9125 0.06 0.08
0 0.68125 0.9525 0.0425 0.04
0 0.77625 0.75375 0.0425 0.0475
0 0.68375 0.7925 0.0425 0.045
0 0.55625 0.7175 0.0425 0.045
0 0.55125 0.6575 0.0275 0.03
0 0.56375 0.615 0.0525 0.055
0 0.2625 0.11875 0.035 0.0375
0 0.25875 0.085 0.0275 0.025
0 0.26875 0.17875 0.0575 0.0575
0 0.1475 0.53375 0.05 0.0575
0 0.39 0.6325 0.025 0.025
0 0.38375 0.6075 0.0375 0.025
0 0.37875 0.57 0.0475 0.035
0 0.41875 0.68 0.0625 0.08
0 0.625 0.78625 0.035 0.0375
0 0.62125 0.4275 0.0975 0.08
0 0.965 0.46875 0.035 0.0375
0 0.97625 0.35125 0.0275 0.0325
0 0.92125 0.515 0.0275 0.03
0 0.8675 0.53 0.03 0.045
0 0.90625 0.555 0.0475 0.05
0 0.7325 0.735 0.03 0.03
0 0.71875 0.76625 0.0375 0.0475
0 0.755 0.80125 0.04 0.0475
0 0.8075 0.84875 0.04 0.0375
0 0.9325 0.77625 0.035 0.0425
0 0.97 0.8925 0.045 0.04
0 0.975 0.8475 0.035 0.045
0 0.88 0.95 0.035 0.045
0 0.89 0.90125 0.045 0.0425
0 0.3025 0.88625 0.065 0.0475
0 0.2225 0.7125 0.075 0.085
0 0.03 0.67625 0.055 0.0375
0 0.02 0.72 0.035 0.04
0 0.34625 0.48 0.0375 0.045
0 0.30375 0.49875 0.0475 0.0575
0 0.3475 0.445 0.045 0.04
0 0.39 0.445 0.035 0.035
0 0.28125 0.42375 0.0475 0.0525
0 0.23375 0.42 0.0525 0.05
0 0.23 0.46875 0.045 0.0475
0 0.03875 0.05625 0.0625 0.0575
0 0.03375 0.11125 0.0625 0.0525
0 0.41 0.8525 0.055 0.06
0 0.36375 0.36 0.0525 0.035
0 0.3675 0.4 0.045 0.04
0 0.82375 0.06625 0.0475 0.0525
0 0.775 0.085 0.055 0.065
0 0.235 0.36625 0.055 0.0475
0 0.87625 0.04625 0.0475 0.0425
0 0.555 0.3575 0.035 0.04
0 0.90375 0.80375 0.0325 0.0475
0 0.71375 0.1 0.0325 0.045
0 0.35 0.1725 0.06 0.06
0 0.19 0.2525 0.05 0.05
0 0.52 0.66625 0.035 0.0425
0 0.7525 0.57875 0.045 0.0525
0 0.79125 0.59125 0.0475 0.0575
0 0.9 0.49625 0.035 0.0375
0 0.85875 0.46625 0.0375 0.0425
0 0.86625 0.4 0.0575 0.055
0 0.92625 0.38625 0.0275 0.0425
0 0.925 0.34375 0.04 0.0375
0 0.93375 0.215 0.0475 0.055
0 0.9675 0.1825 0.055 0.05
0 0.885 0.19 0.05 0.045
0 0.89625 0.24 0.0325 0.03
0 0.90625 0.28625 0.0375 0.0375
0 0.845 0.23375 0.055 0.0525
0 0.75125 0.18 0.0225 0.025
0 0.6825 0.16875 0.035 0.0525
0 0.6225 0.2475 0.045 0.055
0 0.57125 0.32 0.0525 0.04
0 0.79125 0.43375 0.0425 0.0375
0 0.8975 0.45625 0.045 0.0425
0 0.83125 0.65125 0.0325 0.0325
0 0.81375 0.66375 0.0275 0.0275
0 0.78875 0.66875 0.0275 0.0425
0 0.75 0.69 0.035 0.03
0 0.75 0.65625 0.045 0.0375
0 0.54125 0.47875 0.0675 0.0625
0 0.49375 0.5225 0.0625 0.06
0 0.05875 0.38375 0.0275 0.0325
0 0.0875 0.40125 0.035 0.0325
0 0.10375 0.44125 0.0375 0.0525
0 0.14875 0.44125 0.0475 0.0525
0 0.09875 0.84625 0.0375 0.0325
0 0.125 0.8125 0.04 0.035
0 0.88875 0.84875 0.0375 0.0375
0 0.5825 0.2675 0.025 0.03
0 0.55125 0.27625 0.0375 0.0325
0 0.63875 0.175 0.0375 0.035
0 0.72625 0.2075 0.0375 0.045
0 0.69875 0.24625 0.0475 0.0425
0 0.6875 0.325 0.065 0.07
0 0.775 0.31875 0.07 0.0625
0 0.76375 0.24875 0.0375 0.0525
0 0.84875 0.29625 0.0475 0.0475
0 0.79375 0.1825 0.0425 0.04
0 0.18625 0.185 0.0475 0.05
0 0.54625 0.2425 0.0375 0.035
0 0.575 0.19625 0.055 0.0525
0 0.92375 0.60875 0.0425 0.0625
0 0.81125 0.89625 0.0425 0.0425
0 0.525 0.9475 0.07 0.085
0 0.2725 0.53875 0.035 0.0325
0 0.24625 0.58125 0.0325 0.0375
0 0.24875 0.6325 0.0325 0.03
0 0.51375 0.28125 0.0375 0.0325
0 0.505 0.3275 0.06 0.055
0 0.43625 0.34375 0.0575 0.0625
0 0.37125 0.26375 0.0525 0.0475
0 0.3275 0.31875 0.045 0.0525
0 0.32625 0.565 0.0375 0.045
0 0.72375 0.44875 0.0475 0.0575
0 0.69 0.69125 0.055 0.0625
0 0.475 0.6675 0.05 0.05
