0 0.08125 0.62 0.0275 0.03
0 0.13 0.92375 0.025 0.0325
0 0.15625 0.30875 0.0425 0.0425
0 0.355 0.5925 0.04 0.035
0 0.71875 0.81125 0.0075 0.0575
0 0.98375 0.73125 0.0275 0.0625
0 0.225 0.5375 0.065 0.04
0 0.33 0.69 0.055 0.045
0 0.99 0.31375 0.02 0.0375
0 0.99125 0.2775 0.0175 0.04
0 0.985 0.24375 0.03 0.0325
0 0.965 0.295 0.025 0.025
0 0.9875 0.17375 0.025 0.0225
0 0.9875 0.21625 0.025 0.0175
0 0.9675 0.0875 0.025 0.02
0 0.99125 0.1075 0.0175 0.03
0 0.99 0.025 0.02 0.045
0 0.9325 0.01875 0.035 0.0325
0 0.91 0.0275 0.03 0.035
0 0.815 0.02125 0.035 0.0375
0 0.84 0.04375 0.03 0.0275
0 0.86375 0.045 0.0225 0.035
0 0.91625 0.12125 0.0325 0.0325
0 0.92 0.16 0.025 0.04
0 0.9525 0.1075 0.03 0.03
0 0.98875 0.14625 0.0225 0.0375
0 0.8225 0.215 0.025 0.035
0 0.8875 0.15 0.03 0.04
0 0.1125 0.2675 0.05 0.055
0 0.8025 0.56625 0.02 0.0225
0 0.9475 0.72625 0.04 0.0475
0 0.96625 0.81625 0.0375 0.0375
0 0.8875 0.85 0.035 0.04
0 0.88875 0.79125 0.0525 0.0475
0 0.77375 0.865 0.0425 0.05
0 0.86375 0.89 0.0375 0.035
0 0.82125 0.9875 0.0325 0.02
0 0.82625 0.95375 0.0275 0.0425
0 0.78375 0.9725 0.0275 0.045
0 0.75875 0.98125 0.0275 0.0275
0 0.015 0.42 0.025 0.05
0 0.04625 0.3725 0.0475 0.055
0 0.10375 0.4275 0.0275 0.035
0 0.115 0.50625 0.045 0.0325
0 0.1375 0.575 0.035 0.045
0 0.09625 0.58125 0.0375 0.0425
0 0.10375 0.64375 0.0325 0.0325
0 0.14 0.66 0.04 0.045
0 0.06375 0.705 0.0375 0.045
0 0.0375 0.73625 0.025 0.0375
0 0.07125 0.74 0.0275 0.03
0 0.0875 0.77 0.035 0.025
0 0.17375 0.73375 0.0375 0.0525
0 0.20375 0.9 0.0325 0.04
0 0.01875 0.8 0.0325 0.055
0 0.1025 0.8375 0.05 0.055
0 0.0125 0.95375 0.02 0.0275
0 0.02875 0.98875 0.0275 0.0225
0 0.0525 0.9925 0.02 0.015
0 0.08125 0.98 0.0125 0.015
0 0.0175 0.9175 0.03 0.04
0 0.065 0.91875 0.03 0.0375
0 0.08625 0.94125 0.0225 0.0225
0 0.10375 0.97625 0.0275 0.0425
0 0.145 0.96375 0.04 0.0375
0 0.205 0.95 0.02 0.02
0 0.32125 0.8025 0.0475 0.055
0 0.285 0.82875 0.04 0.0425
0 0.3075 0.95 0.025 0.035
0 0.32875 0.985 0.0475 0.03
0 0.34 0.9175 0.04 0.04
0 0.3825 0.8375 0.045 0.03
0 0.3975 0.86375 0.03 0.0325
0 0.3775 0.915 0.035 0.035
0 0.39625 0.98125 0.0475 0.0375
0 0.41 0.9425 0.035 0.04
0 0.4425 0.91375 0.035 0.0375
0 0.51875 0.905 0.0375 0.045
0 0.485 0.9425 0.035 0.04
0 0.485 0.98 0.06 0.04
0 0.64625 0.945 0.0625 0.06
0 0.7225 0.99125 0.035 0.0175
0 0.725 0.965 0.02 0.025
0 0.8225 0.82875 0.045 0.0625
0 0.7925 0.78125 0.025 0.0375
0 0.78375 0.81375 0.0275 0.0375
0 0.76125 0.82875 0.0225 0.0225
0 0.7025 0.76625 0.035 0.0525
0 0.67625 0.81375 0.0325 0.0375
0 0.65125 0.845 0.0275 0.03
0 0.72375 0.94 0.0225 0.02
0 0.80375 0.72375 0.0325 0.0375
0 0.81375 0.6525 0.0275 0.03
0 0.8175 0.6875 0.025 0.03
0 0.84875 0.6625 0.0275 0.035
0 0.89875 0.745 0.0375 0.035
0 0.9425 0.68125 0.035 0.0325
0 0.97875 0.64625 0.0325 0.0375
0 0.89 0.39375 0.045 0.0575
0 0.77 0.46625 0.035 0.0375
0 0.79125 0.51 0.0225 0.025
0 0.8175 0.49 0.03 0.035
0 0.82 0.53125 0.035 0.0375
0 0.84875 0.46125 0.0275 0.0375
0 0.8925 0.49 0.035 0.035
0 0.895 0.5525 0.03 0.03
0 0.87375 0.58375 0.0225 0.0275
0 0.8275 0.58375 0.035 0.0525
0 0.5525 0.3775 0.035 0.035
0 0.53875 0.41375 0.0475 0.0375
0 0.55625 0.3375 0.0375 0.045
0 0.59875 0.3675 0.0225 0.03
0 0.63875 0.42875 0.0275 0.0275
0 0.6325 0.39375 0.02 0.0325
0 0.315 0.31125 0.035 0.0425
0 0.295 0.335 0.03 0.03
0 0.26875 0.3475 0.0275 0.04
0 0.27 0.365 0.035 0.035
0 0.33125 0.44625 0.0325 0.0325
0 0.32375 0.41 0.0275 0.04
0 0.35375 0.41875 0.0375 0.0425
0 0.3475 0.385 0.025 0.03
0 0.37875 0.35875 0.0425 0.0425
0 0.45 0.32125 0.025 0.0425
0 0.425 0.34125 0.015 0.0225
0 0.36875 0.205 0.0225 0.025
0 0.3725 0.23875 0.035 0.0425
0 0.35875 0.28 0.0375 0.055
0 0.32375 0.185 0.0175 0.015
0 0.36625 0.1775 0.0375 0.04
0 0.3075 0.21625 0.03 0.0375
0 0.18 0.1575 0.02 0.02
0 0.2175 0.17 0.03 0.025
0 0.07375 0.03375 0.0225 0.0275
0 0.05375 0.0175 0.0225 0.025
0 0.035 0.04375 0.03 0.0375
0 0.06375 0.0775 0.0225 0.025
0 0.0775 0.10875 0.03 0.0425
0 0.04875 0.11375 0.0225 0.0225
0 0.0325 0.125 0.02 0.02
0 0.0675 0.15 0.035 0.04
0 0.03 0.17625 0.035 0.0425
0 0.04 0.2325 0.04 0.04
0 0.07 0.19 0.03 0.035
0 0.0825 0.22625 0.035 0.0275
0 0.2575 0.01375 0.04 0.0225
0 0.135 0.04375 0.055 0.0575
0 0.18875 0.03125 0.0475 0.0525
0 0.3375 0.115 0.03 0.04
0 0.30375 0.17 0.0225 0.025
0 0.3125 0.1375 0.03 0.03
0 0.2775 0.17375 0.02 0.0225
0 0.27875 0.195 0.0225 0.02
0 0.34875 0.22 0.0225 0.02
0 0.52 0.06875 0.025 0.0325
0 0.5225 0.02 0.035 0.03
0 0.64375 0.0325 0.0525 0.055
0 0.59875 0.0325 0.0225 0.025
0 0.60375 0.07375 0.0375 0.0525
0 0.63 0.165 0.04 0.045
0 0.6525 0.18375 0.02 0.0275
0 0.56375 0.1575 0.0275 0.04
0 0.5775 0.1175 0.025 0.035
0 0.535 0.14625 0.03 0.0225
0 0.47875 0.195 0.0425 0.045
0 0.4725 0.12 0.025 0.025
0 0.5075 0.1225 0.03 0.035
0 0.515 0.225 0.05 0.05
0 0.49875 0.265 0.0425 0.04
0 0.5625 0.29 0.055 0.05
0 0.605 0.31125 0.04 0.0375
0 0.775 0.405 0.035 0.035
0 0.77 0.42875 0.025 0.0325
0 0.1025 0.31375 0.03 0.0425
0 0.15375 0.35 0.0525 0.06
0 0.0625 0.4175 0.045 0.045
0 0.14 0.53625 0.03 0.0425
0 0.175 0.58875 0.045 0.0625
0 0.35125 0.74625 0.0625 0.0775
0 0.455 0.795 0.065 0.055
0 0.48875 0.84625 0.0475 0.0475
0 0.4075 0.545 0.045 0.05
0 0.50375 0.7525 0.0475 0.055
0 0.2775 0.54 0.045 0.06
0 0.42125 0.39875 0.0525 0.0575
0 0.2175 0.98375 0.05 0.0325
0 0.20625 0.66125 0.0475 0.0425
0 0.17375 0.6775 0.0475 0.045
0 0.25125 0.87625 0.0525 0.0475
0 0.27375 0.98625 0.0375 0.0275
0 0.7525 0.04625 0.055 0.0425
0 0.69875 0.0225 0.0475 0.04
0 0.61 0.1125 0.035 0.035
0 0.89125 0.06625 0.0375 0.0475
0 0.46 0.87625 0.045 0.0325
0 0.195 0.27125 0.05 0.0425
0 0.16375 0.9125 0.0425 0.045
0 0.95625 0.17125 0.0325 0.0325
0 0.93625 0.45375 0.0425 0.0375
0 0.94625 0.5925 0.0325 0.045
0 0.505 0.3 0.04 0.035
0 0.50625 0.34125 0.0375 0.0425
0 0.4125 0.73875 0.045 0.0425
0 0.94375 0.22375 0.0425 0.0475
0 0.84375 0.41875 0.0475 0.0375
0 0.3 0.46625 0.045 0.0525
0 0.72625 0.38625 0.0475 0.0525
0 0.9175 0.19125 0.03 0.0375
0 0.88375 0.65 0.0375 0.04
0 0.69625 0.4375 0.0325 0.05
0 0.465 0.34875 0.035 0.0375
0 0.305 0.37 0.035 0.035
0 0.47875 0.51625 0.0425 0.0475
0 0.77125 0.11 0.0375 0.05
0 0.81875 0.125 0.0525 0.05
0 0.9325 0.645 0.045 0.045
0 0.30375 0.01625 0.0425 0.0275
0 0.6675 0.3925 0.035 0.045
0 0.81375 0.2675 0.0425 0.045
0 0.57875 0.92125 0.0625 0.0675
0 0.745 0.1625 0.06 0.055
0 0.10125 0.685 0.0425 0.04
0 0.4525 0.6875 0.05 0.055
0 0.80875 0.4575 0.0375 0.05
0 0.225 0.1325 0.045 0.045
0 0.1575 0.4425 0.055 0.06
0 0.03875 0.645 0.0525 0.05
0 0.805 0.16875 0.045 0.0475
0 0.62375 0.47625 0.0475 0.0475
0 0.65375 0.52875 0.0575 0.0575
0 0.62125 0.5975 0.0675 0.08
0 0.7175 0.70375 0.07 0.0725
0 0.66 0.73 0.04 0.05
0 0.72 0.89 0.05 0.07
0 0.07375 0.4775 0.0625 0.06
0 0.12625 0.7575 0.0425 0.04
0 0.645 0.77 0.05 0.045
0 0.815 0.325 0.045 0.06
0 0.365 0.87125 0.035 0.0425
0 0.125 0.8725 0.025 0.035
0 0.2075 0.38875 0.04 0.0375
0 0.205 0.4225 0.035 0.035
0 0.415 0.22875 0.045 0.0525
0 0.4575 0.47125 0.045 0.0525
0 0.5275 0.5875 0.045 0.045
0 0.53875 0.64875 0.0525 0.0575
0 0.58125 0.85125 0.0425 0.0425
0 0.6625 0.8875 0.06 0.05
0 0.9025 0.59125 0.035 0.0525
0 0.16375 0.8025 0.0425 0.06
0 0.35 0.50875 0.035 0.0325
0 0.265 0.935 0.035 0.04
0 0.17 0.2275 0.04 0.045
0 0.6925 0.08875 0.035 0.0375
0 0.72375 0.09 0.0375 0.055
0 0.26625 0.12 0.0475 0.05
0 0.305 0.08875 0.04 0.0525
0 0.4 0.12125 0.06 0.0525
0 0.43625 0.17 0.0625 0.06
0 0.25 0.24 0.05 0.06
0 0.2425 0.405 0.035 0.04
0 0.21 0.49625 0.035 0.0575
0 0.16125 0.86625 0.0375 0.0475
0 0.24625 0.77 0.0525 0.055
0 0.94875 0.35625 0.0575 0.0675
0 0.94625 0.505 0.0525 0.065
0 0.69375 0.59625 0.0575 0.0525
0 0.425 0.29375 0.04 0.0375
0 0.65125 0.25 0.0425 0.035
0 0.62 0.2175 0.03 0.04
0 0.77125 0.27875 0.0375 0.0425
0 0.8725 0.34625 0.045 0.0425
0 0.59125 0.76875 0.0525 0.0525
0 0.4675 0.03625 0.065 0.0675
0 0.5525 0.0675 0.035 0.045
0 0.5825 0.22375 0.045 0.0425
0 0.89125 0.22125 0.0425 0.0525
0 0.73625 0.44875 0.0425 0.0625
0 0.39125 0.69 0.0625 0.055
0 0.21625 0.315 0.0425 0.045
0 0.3025 0.2725 0.04 0.035
0 0.3875 0.4975 0.04 0.045
0 0.235 0.585 0.055 0.055
0 0.69875 0.31125 0.0525 0.0525
0 0.2625 0.675 0.045 0.055
0 0.4825 0.4 0.04 0.06
0 0.45375 0.59 0.0575 0.07
0 0.3975 0.0625 0.045 0.065
0 0.13625 0.0925 0.0575 0.06
0 0.78875 0.21375 0.0425 0.0425
0 0.28625 0.40625 0.0425 0.0525
0 0.565 0.4725 0.055 0.075
