0 0.535 0.50625 0.04 0.0525
0 0.3525 0.045 0.055 0.055
0 0.66875 0.06625 0.0275 0.0375
0 0.435 0.325 0.045 0.05
0 0.37625 0.275 0.0525 0.06
0 0.42875 0.26875 0.0575 0.0625
0 0.6225 0.625 0.045 0.045
0 0.6925 0.2925 0.055 0.055
0 0.65 0.34625 0.055 0.0425
0 0.645 0.75625 0.035 0.0325
0 0.1125 0.185 0.045 0.05
0 0.3525 0.65875 0.045 0.0475
0 0.45 0.16875 0.045 0.0375
0 0.9325 0.7775 0.035 0.04
0 0.09125 0.0525 0.0475 0.04
0 0.7025 0.05375 0.04 0.0375
0 0.6925 0.34375 0.045 0.0525
0 0.54 0.02 0.045 0.035
0 0.33875 0.30875 0.0475 0.0625
0 0.39 0.32625 0.04 0.0375
0 0.39 0.2075 0.07 0.055
0 0.3425 0.16875 0.04 0.0425
0 0.05 0.73625 0.045 0.0475
0 0.07375 0.83375 0.0525 0.0325
0 0.74375 0.84625 0.0325 0.0175
0 0.02875 0.8225 0.0525 0.075
0 0.6675 0.23375 0.045 0.0475
0 0.765 0.17125 0.055 0.0525
0 0.885 0.1125 0.055 0.045
0 0.93 0.99125 0.04 0.0175
0 0.53875 0.985 0.0275 0.03
0 0.26875 0.085 0.0525 0.06
0 0.01625 0.13375 0.0275 0.0325
0 0.07 0.1825 0.04 0.055
0 0.0225 0.555 0.04 0.05
0 0.235 0.81125 0.055 0.0525
0 0.135 0.9525 0.09 0.095
0 0.6225 0.96625 0.07 0.0525
0 0.71 0.97125 0.07 0.0575
0 0.77875 0.63875 0.0425 0.0425
0 0.075 0.51875 0.08 0.1025
0 0.17 0.47125 0.065 0.0475
0 0.2425 0.56625 0.075 0.0775
0 0.29 0.66125 0.06 0.0725
0 0.34 0.5925 0.065 0.075
0 0.1125 0.335 0.03 0.04
0 0.045 0.0225 0.08 0.04
0 0.14375 0.095 0.0625 0.065
0 0.17125 0.04 0.0675 0.045
0 0.2075 0.195 0.06 0.08
0 0.5975 0.38375 0.05 0.0425
0 0.60125 0.32 0.0475 0.055
0 0.895 0.05125 0.065 0.0675
0 0.03625 0.95 0.0675 0.1
0 0.24 0.96875 0.035 0.0275
0 0.2125 0.72 0.05 0.07
0 0.23625 0.6725 0.0475 0.04
0 0.4025 0.0975 0.025 0.02
0 0.40375 0.0225 0.0425 0.04
0 0.285 0.02875 0.065 0.0525
0 0.25875 0.155 0.0725 0.06
0 0.97 0.03375 0.06 0.0625
0 0.975 0.9775 0.05 0.045
0 0.81625 0.96875 0.0625 0.0625
0 0.575 0.76375 0.055 0.0575
0 0.57625 0.84625 0.0825 0.0675
0 0.62375 0.90125 0.0525 0.0475
0 0.1475 0.725 0.05 0.06
0 0.45 0.67 0.04 0.035
0 0.455 0.75375 0.08 0.0825
0 0.64125 0.02625 0.0425 0.0475
0 0.64125 0.17 0.0675 0.07
0 0.73125 0.105 0.0475 0.04
0 0.79375 0.0675 0.0625 0.08
0 0.83875 0.1125 0.0375 0.035
0 0.9425 0.1325 0.05 0.065
0 0.7525 0.465 0.055 0.065
0 0.8175 0.60375 0.03 0.0225
0 0.80625 0.76375 0.0575 0.0475
0 0.75 0.7825 0.045 0.035
0 0.76625 0.81625 0.0225 0.0325
0 0.78125 0.8425 0.0275 0.025
0 0.8075 0.82625 0.035 0.0625
0 0.555 0.075 0.065 0.07
0 0.47625 0.10625 0.0575 0.0625
0 0.39375 0.14875 0.0525 0.0625
0 0.18125 0.41 0.0675 0.065
0 0.07125 0.615 0.0525 0.055
0 0.16 0.66125 0.045 0.0525
0 0.27625 0.73125 0.0325 0.0375
0 0.15 0.86 0.09 0.095
0 0.35625 0.97 0.0925 0.06
0 0.37 0.9025 0.07 0.06
0 0.43625 0.87625 0.0375 0.0375
0 0.3675 0.8175 0.06 0.055
0 0.075 0.11625 0.055 0.0625
0 0.155 0.17875 0.045 0.0475
0 0.1375 0.2925 0.045 0.05
0 0.20375 0.2775 0.0825 0.08
0 0.0225 0.4125 0.04 0.075
0 0.07375 0.425 0.0425 0.045
0 0.1125 0.40375 0.05 0.0525
0 0.08625 0.67375 0.0575 0.0525
0 0.53375 0.175 0.0625 0.055
0 0.485 0.225 0.045 0.05
0 0.66625 0.10875 0.0325 0.0425
0 0.96625 0.2275 0.0675 0.09
0 0.92875 0.72875 0.0575 0.0475
0 0.7225 0.775 0.03 0.025
0 0.73375 0.8225 0.0275 0.02
0 0.80875 0.88625 0.0375 0.0475
0 0.69625 0.46875 0.0525 0.0625
0 0.79375 0.36125 0.0525 0.0675
0 0.64625 0.29125 0.0425 0.0475
0 0.6 0.2475 0.055 0.05
0 0.545 0.3 0.055 0.065
0 0.365 0.39125 0.055 0.0575
0 0.275 0.3925 0.06 0.07
0 0.325 0.49375 0.06 0.0625
0 0.3925 0.48875 0.06 0.0775
0 0.42375 0.60125 0.0575 0.0675
0 0.4825 0.595 0.045 0.05
0 0.5325 0.605 0.045 0.055
0 0.49875 0.68875 0.0475 0.0575
0 0.275 0.90625 0.055 0.0475
0 0.50625 0.92125 0.0625 0.0575
0 0.50125 0.44 0.0475 0.055
0 0.495 0.49375 0.045 0.0575
0 0.6425 0.385 0.06 0.04
0 0.72 0.2025 0.025 0.035
0 0.75375 0.235 0.0425 0.04
0 0.84375 0.30875 0.0375 0.0525
0 0.78 0.28375 0.045 0.0625
0 0.96125 0.5175 0.0775 0.06
0 0.83625 0.69375 0.0525 0.0575
0 0.77875 0.6925 0.0575 0.065
0 0.725 0.69625 0.055 0.0625
0 0.66625 0.7275 0.0425 0.045
0 0.4575 0.9275 0.055 0.05
0 0.68125 0.8775 0.0525 0.05
0 0.73375 0.915 0.0525 0.04
0 0.90625 0.90875 0.0525 0.0525
0 0.9775 0.86875 0.04 0.0425
0 0.63 0.815 0.05 0.055
0 0.91125 0.17125 0.0425 0.0625
0 0.89625 0.67625 0.0375 0.0425
0 0.72625 0.5575 0.0575 0.085
0 0.665 0.60625 0.07 0.0975
0 0.96 0.64375 0.07 0.0775
0 0.9375 0.39625 0.07 0.0925
0 0.83875 0.51625 0.0775 0.0925
