0 0.2825 0.74375 0.05 0.0525
0 0.02 0.14875 0.035 0.0275
0 0.3675 0.335 0.035 0.04
0 0.595 0.84 0.065 0.055
0 0.05625 0.4075 0.0825 0.095
0 0.3075 0.0925 0.03 0.025
0 0.985 0.1275 0.03 0.04
0 0.97125 0.215 0.0275 0.025
0 0.02125 0.65875 0.0375 0.0675
0 0.16875 0.71875 0.0525 0.0425
0 0.79375 0.9175 0.0175 0.02
0 0.98375 0.185 0.0325 0.04
0 0.87125 0.23375 0.0175 0.0225
0 0.1825 0.20125 0.025 0.0275
0 0.4525 0.24375 0.025 0.0325
0 0.3 0.05625 0.055 0.0425
0 0.81625 0.27 0.0375 0.04
0 0.02125 0.08875 0.0275 0.0175
0 0.9025 0.04125 0.025 0.0175
0 0.91 0.1775 0.025 0.025
0 0.19375 0.0325 0.0425 0.04
0 0.555 0.01625 0.035 0.0275
0 0.23625 0.09625 0.0375 0.0375
0 0.28125 0.08875 0.0225 0.0275
0 0.24125 0.06625 0.0275 0.0175
0 0.37125 0.17875 0.0525 0.0475
0 0.32625 0.195 0.0225 0.02
0 0.4075 0.265 0.03 0.025
0 0.96 0.155 0.025 0.035
0 0.8525 0.26 0.025 0.035
0 0.07375 0.6725 0.0475 0.045
0 0.09 0.73125 0.045 0.0525
0 0.0275 0.7325 0.035 0.055
0 0.10875 0.60875 0.0725 0.0775
0 0.115 0.69875 0.04 0.0425
0 0.18 0.65375 0.045 0.0375
0 0.0475 0.4925 0.09 0.095
0 0.0425 0.1825 0.025 0.035
0 0.06125 0.1375 0.0275 0.04
0 0.2075 0.13375 0.04 0.0375
0 0.27 0.125 0.04 0.035
0 0.18 0.17125 0.025 0.0225
0 0.24625 0.20375 0.0375 0.0275
0 0.3625 0.27 0.025 0.02
0 0.3525 0.3 0.04 0.025
0 0.39375 0.1325 0.0425 0.04
0 0.58125 0.295 0.0275 0.025
0 0.55875 0.31625 0.0125 0.0225
0 0.55375 0.34125 0.0175 0.0175
0 0.5875 0.6975 0.035 0.035
0 0.65375 0.6775 0.0775 0.08
0 0.79 0.94875 0.045 0.0425
0 0.7925 0.89875 0.03 0.0225
0 0.795 0.84375 0.075 0.0875
0 0.755 0.89125 0.03 0.0275
0 0.745 0.9225 0.025 0.025
0 0.66375 0.86 0.0575 0.055
0 0.64 0.91875 0.035 0.0625
0 0.68125 0.93625 0.0375 0.0525
0 0.6 0.88625 0.03 0.0375
0 0.57 0.91875 0.05 0.0525
0 0.56375 0.95375 0.0475 0.0375
0 0.73 0.96875 0.04 0.0375
0 0.90375 0.965 0.0775 0.07
0 0.9675 0.93625 0.065 0.0825
0 0.475 0.29375 0.02 0.0275
0 0.59125 0.16375 0.0675 0.0625
0 0.89625 0.2075 0.0375 0.04
0 0.2275 0.6725 0.05 0.045
0 0.21875 0.72125 0.0525 0.0525
0 0.85625 0.86 0.0425 0.05
0 0.87375 0.08875 0.0275 0.0375
0 0.03625 0.2525 0.0425 0.045
0 0.40125 0.315 0.0475 0.045
0 0.6075 0.77125 0.095 0.0775
0 0.94625 0.265 0.0375 0.045
0 0.45875 0.1275 0.0475 0.05
0 0.64125 0.20375 0.0475 0.0475
0 0.945 0.7425 0.03 0.045
0 0.70375 0.74375 0.0675 0.0675
0 0.685 0.36125 0.05 0.0475
0 0.1025 0.11625 0.05 0.0525
0 0.6425 0.42625 0.055 0.0525
0 0.71625 0.455 0.0575 0.045
0 0.71875 0.52 0.0725 0.065
0 0.41125 0.975 0.0575 0.05
0 0.295 0.50625 0.04 0.0325
0 0.7775 0.11125 0.045 0.0525
0 0.7625 0.38 0.05 0.055
0 0.80625 0.7125 0.0625 0.065
0 0.79625 0.5725 0.0625 0.055
0 0.8725 0.6 0.045 0.04
0 0.1625 0.27375 0.035 0.0425
0 0.1275 0.36375 0.065 0.0625
0 0.155 0.82375 0.065 0.0475
0 0.20875 0.81625 0.0475 0.0525
0 0.165 0.77125 0.065 0.0525
0 0.1575 0.88125 0.085 0.0725
0 0.2325 0.97625 0.08 0.0475
0 0.25875 0.9125 0.0475 0.045
0 0.43375 0.50875 0.1175 0.0925
0 0.3825 0.58125 0.05 0.0475
0 0.3325 0.66375 0.08 0.0775
0 0.39125 0.73875 0.0375 0.0325
0 0.32125 0.79625 0.0575 0.0625
0 0.42375 0.85125 0.1175 0.1225
0 0.4975 0.5775 0.09 0.08
