0 0.0425 0.33625 0.035 0.0375
0 0.83875 0.81 0.0275 0.025
0 0.88625 0.80625 0.0375 0.0325
0 0.13 0.47375 0.035 0.0325
0 0.78125 0.01625 0.0575 0.0275
0 0.88375 0.855 0.0275 0.025
0 0.01875 0.55 0.0325 0.045
0 0.80375 0.7175 0.0475 0.045
0 0.905 0.82875 0.025 0.0275
0 0.11125 0.53625 0.0175 0.0225
0 0.03 0.64375 0.03 0.0275
0 0.98875 0.21625 0.0225 0.0325
0 0.175 0.59875 0.025 0.0275
0 0.14875 0.59 0.0225 0.03
0 0.12875 0.55625 0.0275 0.0325
0 0.895 0.64875 0.035 0.0425
0 0.85125 0.66375 0.0375 0.0325
0 0.85 0.7075 0.05 0.045
0 0.83125 0.755 0.0375 0.035
0 0.4575 0.08375 0.05 0.0375
0 0.98125 0.025 0.0375 0.045
0 0.95375 0.13625 0.0475 0.0475
0 0.95125 0.095 0.0425 0.035
0 0.0875 0.605 0.075 0.07
0 0.4675 0.80125 0.06 0.0475
0 0.18875 0.32375 0.0425 0.0375
0 0.49125 0.24375 0.0475 0.0425
0 0.84125 0.5975 0.0775 0.075
0 0.75 0.83375 0.045 0.0425
0 0.72375 0.3225 0.0425 0.04
0 0.6875 0.345 0.045 0.05
0 0.715 0.28875 0.045 0.0425
0 0.79875 0.2575 0.0325 0.035
0 0.37 0.04625 0.05 0.0425
0 0.22 0.64625 0.04 0.0425
0 0.79875 0.55 0.0475 0.035
0 0.89875 0.605 0.0425 0.04
0 0.78625 0.76375 0.0375 0.0375
0 0.875 0.75625 0.035 0.0375
0 0.62625 0.765 0.0425 0.045
0 0.42375 0.0425 0.0475 0.045
0 0.3975 0.07 0.045 0.045
0 0.805 0.2 0.045 0.035
0 0.815 0.16125 0.045 0.0425
0 0.9225 0.74375 0.04 0.0375
0 0.62625 0.80125 0.0425 0.0325
0 0.64625 0.84125 0.0475 0.0325
0 0.765 0.88125 0.035 0.0325
0 0.7575 0.9125 0.04 0.035
0 0.0425 0.37625 0.05 0.0325
0 0.72625 0.50125 0.0425 0.0325
0 0.725 0.53875 0.03 0.0275
0 0.7425 0.56375 0.025 0.0275
0 0.35375 0.60375 0.0425 0.0475
0 0.64125 0.28 0.0375 0.045
0 0.70375 0.4275 0.0625 0.06
0 0.835 0.2975 0.045 0.06
0 0.67375 0.19 0.0575 0.055
0 0.65125 0.23375 0.0425 0.0475
0 0.65 0.38375 0.05 0.0525
0 0.9375 0.66875 0.04 0.0525
0 0.37125 0.77125 0.0425 0.0375
0 0.24625 0.40875 0.0575 0.0675
0 0.20625 0.45375 0.0575 0.0625
0 0.17125 0.50125 0.0625 0.0575
0 0.295 0.5825 0.04 0.06
0 0.3675 0.66125 0.055 0.0475
0 0.3975 0.73 0.05 0.05
0 0.55375 0.39 0.0675 0.045
0 0.89 0.2075 0.065 0.065
0 0.9525 0.26375 0.06 0.0675
0 0.95875 0.335 0.0575 0.07
0 0.46625 0.2925 0.0325 0.035
0 0.56625 0.45125 0.0575 0.0525
0 0.7125 0.4675 0.03 0.04
0 0.515 0.74 0.035 0.04
0 0.555 0.735 0.035 0.04
0 0.51125 0.98125 0.0375 0.0375
0 0.8575 0.06875 0.035 0.0375
0 0.69375 0.02125 0.0625 0.0375
0 0.92875 0.17125 0.0325 0.0375
0 0.5125 0.1825 0.04 0.045
0 0.61125 0.29875 0.0375 0.0325
0 0.75875 0.21625 0.0375 0.0425
0 0.79 0.33 0.055 0.07
0 0.3825 0.5225 0.05 0.045
0 0.04125 0.6975 0.0675 0.07
0 0.29875 0.83625 0.0575 0.0775
0 0.365 0.965 0.08 0.07
0 0.775 0.27 0.03 0.035
0 0.6725 0.1125 0.04 0.05
0 0.19625 0.37625 0.0475 0.0425
0 0.23125 0.55 0.0675 0.07
0 0.68125 0.77 0.0575 0.055
0 0.20375 0.03375 0.0525 0.0625
0 0.05875 0.42375 0.0725 0.0575
0 0.15125 0.75125 0.0475 0.0525
0 0.12 0.70125 0.03 0.0275
0 0.13375 0.66 0.0425 0.045
0 0.18375 0.7125 0.0475 0.045
0 0.485 0.69125 0.04 0.0325
0 0.3825 0.3675 0.1 0.1
0 0.68 0.65 0.08 0.085
0 0.46125 0.96 0.0425 0.05
0 0.43875 0.7575 0.0425 0.04
0 0.09375 0.5025 0.0425 0.03
0 0.255 0.2075 0.055 0.055
0 0.3 0.22375 0.04 0.0375
0 0.5525 0.17875 0.04 0.0475
0 0.98375 0.9075 0.0325 0.04
0 0.925 0.98125 0.035 0.0375
0 0.7175 0.9725 0.05 0.045
0 0.61875 0.95625 0.0475 0.0375
0 0.43125 0.5825 0.0375 0.035
0 0.47125 0.62625 0.0375 0.0375
0 0.17 0.2675 0.025 0.025
0 0.10125 0.3125 0.0475 0.045
0 0.0625 0.32625 0.02 0.0175
0 0.14375 0.41 0.0275 0.035
0 0.28625 0.3425 0.0525 0.05
0 0.30375 0.385 0.0475 0.055
0 0.4575 0.33875 0.05 0.0525
0 0.265 0.72125 0.035 0.0425
0 0.17875 0.64375 0.0375 0.0425
0 0.38875 0.45 0.0525 0.05
0 0.54375 0.78 0.0325 0.04
0 0.15625 0.04625 0.0525 0.0475
0 0.19375 0.095 0.0475 0.05
0 0.17875 0.98 0.0325 0.04
0 0.2175 0.97625 0.04 0.0475
0 0.1475 0.94125 0.07 0.0625
0 0.86125 0.27125 0.0325 0.0425
0 0.88375 0.2725 0.0275 0.035
0 0.74625 0.7275 0.0525 0.06
0 0.76375 0.64125 0.0675 0.0875
0 0.66 0.5375 0.09 0.105
0 0.55125 0.52125 0.0575 0.0725
0 0.28875 0.6625 0.0375 0.055
0 0.26125 0.78 0.0375 0.05
0 0.23125 0.87125 0.0425 0.0425
0 0.355 0.805 0.045 0.055
0 0.41 0.82 0.045 0.055
0 0.04875 0.105 0.0525 0.05
0 0.45125 0.19125 0.0475 0.0525
0 0.5475 0.28375 0.045 0.0475
0 0.37625 0.215 0.0275 0.035
