0 0.045 0.44 0.035 0.03
0 0.54625 0.165 0.0425 0.045
0 0.5425 0.2625 0.04 0.05
0 0.7225 0.5425 0.045 0.05
0 0.36375 0.715 0.0475 0.04
0 0.1975 0.83875 0.04 0.0375
0 0.9175 0.50375 0.04 0.0475
0 0.98 0.56375 0.04 0.0325
0 0.90375 0.42 0.0475 0.04
0 0.23625 0.94375 0.0325 0.0325
0 0.28875 0.85625 0.0325 0.0325
0 0.765 0.60375 0.035 0.0325
0 0.57625 0.8775 0.0275 0.035
0 0.58625 0.055 0.0475 0.055
0 0.64 0.03125 0.035 0.0275
0 0.8425 0.49625 0.035 0.0425
0 0.48 0.885 0.04 0.045
0 0.18125 0.5375 0.0475 0.045
0 0.96 0.1575 0.045 0.04
0 0.7175 0.20375 0.045 0.0575
0 0.2875 0.3425 0.07 0.06
0 0.61875 0.56875 0.0575 0.0525
0 0.605 0.7225 0.045 0.045
0 0.2375 0.51375 0.045 0.0475
0 0.09375 0.2225 0.0575 0.045
0 0.90875 0.6475 0.0575 0.065
0 0.035 0.235 0.035 0.035
0 0.0475 0.14875 0.05 0.0775
0 0.86625 0.0475 0.1075 0.09
0 0.74875 0.91125 0.0475 0.0575
0 0.75 0.96875 0.05 0.0525
0 0.11 0.4125 0.05 0.045
0 0.2725 0.905 0.065 0.065
0 0.1925 0.9325 0.035 0.035
0 0.97375 0.2775 0.0525 0.055
0 0.92625 0.31375 0.0625 0.0525
0 0.2125 0.7975 0.055 0.055
0 0.78875 0.16875 0.0975 0.0675
0 0.7125 0.27125 0.065 0.0675
0 0.96875 0.85375 0.0625 0.0725
0 0.9 0.9625 0.075 0.075
0 0.96625 0.92 0.0675 0.065
0 0.94375 0.715 0.0775 0.065
0 0.02375 0.06375 0.0425 0.0775
0 0.2 0.3625 0.075 0.085
0 0.05125 0.715 0.0425 0.05
0 0.12375 0.755 0.0525 0.065
0 0.04875 0.795 0.0525 0.065
0 0.06375 0.95375 0.1075 0.0925
0 0.21875 0.98125 0.0675 0.0375
0 0.41625 0.865 0.0775 0.08
0 0.7275 0.3425 0.055 0.055
0 0.62 0.63 0.085 0.07
0 0.65375 0.525 0.0775 0.085
0 0.67875 0.71875 0.0825 0.0925
0 0.69625 0.81 0.1175 0.09
0 0.8075 0.79 0.085 0.07
0 0.8875 0.855 0.08 0.085
0 0.9325 0.79375 0.065 0.0525
0 0.13625 0.33875 0.0425 0.0525
0 0.085 0.325 0.03 0.04
0 0.06375 0.645 0.0525 0.06
0 0.17375 0.71375 0.0325 0.0375
0 0.07875 0.8625 0.1375 0.1
0 0.34125 0.88375 0.0725 0.0575
0 0.64 0.25375 0.09 0.1075
0 0.78 0.24375 0.07 0.0825
0 0.95125 0.605 0.0575 0.05
0 0.03125 0.505 0.0575 0.09
0 0.35 0.96625 0.075 0.0675
0 0.81875 0.97125 0.0675 0.0575
0 0.6725 0.87375 0.055 0.0525
0 0.67375 0.95875 0.0675 0.0625
0 0.40125 0.77875 0.0825 0.0825
0 0.7025 0.395 0.085 0.08
0 0.12 0.08 0.1 0.08
0 0.5525 0.69 0.06 0.07
0 0.4675 0.68125 0.12 0.1225
0 0.2675 0.96875 0.04 0.0375
0 0.48125 0.9675 0.0675 0.065
0 0.965 0.1025 0.07 0.07
0 0.275 0.435 0.075 0.075
0 0.905 0.46 0.05 0.035
0 0.8775 0.5 0.035 0.045
0 0.7475 0.10625 0.04 0.0475
0 0.67125 0.095 0.0775 0.07
0 0.565 0.10625 0.07 0.0425
0 0.315 0.255 0.13 0.115
0 0.35625 0.64125 0.0875 0.1075
0 0.98125 0.38375 0.0375 0.0625
0 0.975 0.51125 0.05 0.0525
0 0.5375 0.0275 0.04 0.045
0 0.70375 0.0325 0.0725 0.055
0 0.70375 0.155 0.0525 0.055
0 0.78375 0.37875 0.0475 0.0475
0 0.11875 0.27875 0.0575 0.0625
0 0.945 0.21 0.055 0.065
0 0.5725 0.475 0.105 0.095
0 0.8325 0.6025 0.095 0.11
0 0.865 0.78 0.05 0.05
0 0.81875 0.87125 0.0525 0.0425
0 0.52875 0.7775 0.0575 0.055
0 0.275 0.04875 0.115 0.0925
0 0.41125 0.05875 0.1075 0.1025
0 0.3175 0.14125 0.09 0.0875
0 0.11375 0.15625 0.0825 0.0825
0 0.15625 0.22375 0.0425 0.0475
0 0.17125 0.46125 0.1075 0.1075
0 0.92125 0.5525 0.0575 0.055
0 0.79125 0.7175 0.0525 0.05
0 0.57125 0.7525 0.0325 0.03
0 0.53375 0.88125 0.0475 0.0475
0 0.55 0.2225 0.06 0.04
0 0.49 0.0575 0.04 0.035
0 0.56875 0.3425 0.0675 0.065
0 0.6075 0.385 0.05 0.055
0 0.51875 0.4 0.0625 0.055
0 0.225 0.16125 0.09 0.0925
0 0.2275 0.2875 0.05 0.045
0 0.30875 0.79875 0.0825 0.0725
0 0.8575 0.13125 0.055 0.0675
0 0.88 0.2175 0.065 0.07
0 0.71 0.63125 0.08 0.0975
0 0.7325 0.47625 0.08 0.0725
0 0.52375 0.57 0.0825 0.09
0 0.1 0.53875 0.045 0.0425
0 0.24875 0.68125 0.0575 0.0575
0 0.46 0.485 0.09 0.085
0 0.49125 0.15375 0.0625 0.0675
0 0.6025 0.1525 0.04 0.055
0 0.47125 0.25625 0.0625 0.0675
0 0.45125 0.31625 0.0775 0.0575
0 0.37125 0.4025 0.1125 0.115
0 0.17 0.60375 0.08 0.0825
