0 0.9525 0.7225 0.095 0.07
0 0.74625 0.01875 0.0375 0.0325
0 0.14625 0.95625 0.0775 0.0875
0 0.5625 0.02625 0.045 0.0475
0 0.8475 0.33625 0.055 0.0575
0 0.72625 0.6225 0.0525 0.055
0 0.29875 0.24375 0.0875 0.0925
0 0.50875 0.175 0.0625 0.055
0 0.9125 0.655 0.055 0.06
0 0.575 0.7275 0.06 0.08
0 0.51625 0.73875 0.0625 0.0775
0 0.905 0.5575 0.06 0.055
0 0.94 0.95625 0.12 0.0875
0 0.83875 0.22125 0.1125 0.1775
0 0.26875 0.7 0.0825 0.065
0 0.76625 0.0825 0.0625 0.07
0 0.84125 0.04625 0.1075 0.0875
0 0.95875 0.06125 0.0825 0.1175
0 0.75125 0.305 0.0775 0.085
0 0.0525 0.8125 0.1 0.125
0 0.05375 0.94125 0.1025 0.1175
0 0.6375 0.0325 0.07 0.06
0 0.6 0.13125 0.125 0.1425
0 0.9025 0.48625 0.06 0.0825
0 0.92875 0.6 0.0475 0.045
0 0.97625 0.60375 0.0475 0.0625
0 0.97 0.6575 0.06 0.055
0 0.68875 0.50625 0.0975 0.0875
0 0.64375 0.6975 0.0925 0.095
0 0.45875 0.73 0.0675 0.07
0 0.5125 0.81375 0.1 0.0725
0 0.43375 0.92875 0.0775 0.0875
0 0.41625 0.82875 0.0875 0.0925
0 0.3325 0.875 0.1 0.115
0 0.33125 0.76125 0.0725 0.0725
0 0.04625 0.21125 0.0875 0.1275
0 0.30125 0.03875 0.0975 0.0725
0 0.48375 0.04375 0.1075 0.0825
0 0.51875 0.12 0.0625 0.06
0 0.4375 0.145 0.1 0.125
0 0.40875 0.26625 0.0875 0.0975
0 0.55625 0.26375 0.1175 0.1225
0 0.215 0.9225 0.095 0.065
0 0.23125 0.85375 0.0775 0.0825
0 0.17375 0.235 0.1325 0.13
0 0.59125 0.4925 0.0675 0.065
0 0.645 0.42875 0.09 0.0775
0 0.955 0.395 0.09 0.105
0 0.9675 0.49875 0.065 0.1075
0 0.87875 0.8725 0.0675 0.075
0 0.4025 0.7425 0.07 0.065
0 0.36625 0.65625 0.0475 0.0575
0 0.425 0.63125 0.085 0.1025
0 0.59 0.58625 0.145 0.1275
0 0.44 0.44625 0.235 0.2375
0 0.94375 0.245 0.1075 0.195
0 0.33125 0.96125 0.1375 0.0775
0 0.0775 0.0775 0.15 0.15
0 0.27 0.14125 0.095 0.1125
0 0.645 0.325 0.115 0.13
0 0.1225 0.66875 0.16 0.1625
0 0.12875 0.53125 0.1475 0.1325
0 0.14 0.38875 0.15 0.1675
0 0.27125 0.6175 0.0525 0.05
0 0.5325 0.925 0.15 0.15
0 0.74375 0.85625 0.2275 0.2275
0 0.94625 0.86 0.0875 0.1
0 0.34625 0.14625 0.0725 0.0775
0 0.765 0.4075 0.125 0.11
