0 0.7575 0.53 0.05 0.04
0 0.75 0.35625 0.05 0.0475
0 0.43625 0.0725 0.0375 0.05
0 0.07125 0.3325 0.0575 0.06
0 0.29 0.16875 0.04 0.0475
0 0.6175 0.40125 0.035 0.0325
0 0.55875 0.37875 0.0425 0.0375
0 0.68875 0.32375 0.0625 0.0425
0 0.30625 0.23625 0.0475 0.0475
0 0.1425 0.48375 0.13 0.1175
0 0.405 0.41625 0.05 0.0375
0 0.3875 0.1325 0.06 0.055
0 0.30125 0.52875 0.0625 0.0575
0 0.785 0.46 0.07 0.08
0 0.125 0.25625 0.02 0.0325
0 0.88375 0.9175 0.0525 0.065
0 0.68625 0.48125 0.0725 0.0475
0 0.60125 0.28625 0.0525 0.0625
0 0.66 0.26 0.05 0.06
0 0.53875 0.28375 0.0525 0.0625
0 0.89875 0.8025 0.0875 0.105
0 0.79875 0.355 0.0475 0.045
0 0.8275 0.30375 0.065 0.0575
0 0.61375 0.0425 0.0825 0.07
0 0.7075 0.025 0.06 0.045
0 0.6475 0.09875 0.065 0.0775
0 0.7075 0.0925 0.065 0.07
0 0.68375 0.37375 0.0675 0.0625
0 0.74125 0.40375 0.0575 0.0475
0 0.92125 0.23625 0.1175 0.1475
0 0.715 0.6175 0.06 0.05
0 0.675 0.79125 0.1 0.1025
0 0.8075 0.04625 0.125 0.0875
0 0.79625 0.13875 0.0675 0.0625
0 0.5325 0.46375 0.12 0.1175
0 0.62625 0.3375 0.0425 0.045
0 0.6725 0.19375 0.11 0.1025
0 0.41 0.3125 0.14 0.165
0 0.20625 0.1875 0.0875 0.105
0 0.14625 0.20375 0.0525 0.0575
0 0.93125 0.34375 0.0925 0.0975
0 0.96625 0.9375 0.0675 0.055
0 0.93625 0.7025 0.1275 0.1
0 0.31375 0.4075 0.1225 0.12
0 0.58 0.11375 0.085 0.0675
0 0.37625 0.05375 0.0725 0.0725
0 0.33 0.17625 0.04 0.0575
0 0.05 0.9425 0.095 0.115
0 0.37375 0.95125 0.1475 0.0975
0 0.38875 0.49125 0.0825 0.0775
0 0.8225 0.61125 0.075 0.0925
0 0.765 0.70875 0.07 0.0925
0 0.2275 0.03375 0.085 0.0625
0 0.0975 0.04625 0.085 0.0875
0 0.07 0.195 0.04 0.045
0 0.29 0.62625 0.13 0.1125
0 0.19375 0.56625 0.0775 0.1125
0 0.11375 0.71125 0.1075 0.1475
0 0.23875 0.79125 0.1075 0.1125
0 0.5375 0.81875 0.125 0.1475
