0 0.9225 0.865 0.1 0.095
0 0.17 0.565 0.05 0.055
0 0.17625 0.0225 0.0525 0.035
0 0.04375 0.0525 0.0825 0.1
0 0.97875 0.0375 0.0425 0.07
0 0.9425 0.27375 0.115 0.0975
0 0.875 0.03875 0.045 0.0575
0 0.35125 0.98 0.0675 0.04
0 0.9375 0.425 0.125 0.19
0 0.81875 0.96375 0.0875 0.0725
0 0.6875 0.97125 0.075 0.0575
0 0.045 0.65875 0.085 0.0925
0 0.04625 0.565 0.0725 0.075
0 0.1125 0.575 0.06 0.07
0 0.12 0.70625 0.07 0.0675
0 0.1125 0.6375 0.075 0.06
0 0.0875 0.49875 0.08 0.0725
0 0.855 0.10125 0.065 0.0675
0 0.64375 0.1375 0.0575 0.065
0 0.07875 0.40875 0.0475 0.0725
0 0.12 0.83625 0.085 0.1125
0 0.085 0.97875 0.065 0.0425
0 0.22375 0.80125 0.0575 0.0575
0 0.18375 0.885 0.0725 0.065
0 0.2625 0.5775 0.07 0.065
0 0.61375 0.5375 0.0575 0.06
0 0.265 0.97 0.085 0.06
0 0.2775 0.84 0.065 0.055
0 0.5825 0.65625 0.13 0.1525
0 0.415 0.6275 0.195 0.17
0 0.6275 0.4825 0.085 0.09
0 0.7275 0.43375 0.07 0.0725
0 0.685 0.3325 0.15 0.16
0 0.55125 0.945 0.0525 0.05
0 0.43625 0.79375 0.1925 0.1975
0 0.1975 0.69 0.075 0.075
0 0.47125 0.40875 0.2075 0.2175
0 0.53 0.05375 0.065 0.0675
0 0.60125 0.0775 0.0675 0.095
0 0.7075 0.07125 0.095 0.0825
0 0.80875 0.16625 0.0675 0.0825
0 0.82125 0.57 0.1325 0.17
