0 0.33125 0.88125 0.0675 0.0675
0 0.855 0.64875 0.11 0.1025
0 0.91625 0.79 0.1575 0.23
0 0.7575 0.8525 0.15 0.17
0 0.77875 0.9725 0.0825 0.055
0 0.3975 0.875 0.1 0.08
0 0.78 0.69875 0.075 0.0775
0 0.56125 0.92375 0.0575 0.0625
0 0.0475 0.81875 0.09 0.0975
0 0.0525 0.94125 0.1 0.1175
0 0.27375 0.74875 0.0725 0.0775
0 0.34375 0.95 0.0925 0.1
0 0.25375 0.845 0.0875 0.075
0 0.21875 0.9375 0.1375 0.125
0 0.46375 0.9525 0.1325 0.095
0 0.5475 0.795 0.205 0.19
0 0.67625 0.95875 0.0675 0.0825
0 0.90125 0.9475 0.1575 0.105
0 0.925 0.35375 0.07 0.0725
0 0.97125 0.14875 0.0575 0.0925
0 0.81875 0.47875 0.1575 0.1475
