0 0.1175 0.59125 0.05 0.0525
0 0.105 0.11875 0.045 0.0425
0 0.0375 0.05875 0.07 0.1025
0 0.25875 0.065 0.0575 0.07
0 0.51875 0.12625 0.0525 0.0525
0 0.23125 0.6575 0.0925 0.065
0 0.1925 0.51 0.06 0.06
0 0.71 0.415 0.04 0.04
0 0.5375 0.19625 0.06 0.0575
0 0.48875 0.69625 0.1475 0.1275
0 0.95625 0.03625 0.0875 0.0625
0 0.82625 0.075 0.0925 0.085
0 0.95625 0.11375 0.0875 0.1225
0 0.7375 0.0475 0.085 0.09
0 0.955 0.5625 0.09 0.105
0 0.33125 0.32625 0.0875 0.1075
0 0.45 0.4325 0.095 0.09
0 0.3425 0.4325 0.075 0.075
0 0.05375 0.46125 0.1025 0.1625
0 0.0525 0.59 0.1 0.09
0 0.2275 0.41625 0.13 0.1175
0 0.96 0.235 0.08 0.08
0 0.44 0.31375 0.135 0.1525
0 0.43 0.53 0.09 0.085
0 0.32375 0.545 0.0925 0.105
0 0.60875 0.6375 0.0475 0.06
0 0.78625 0.95875 0.1125 0.0825
0 0.88375 0.9 0.1025 0.12
0 0.0525 0.13125 0.045 0.0475
0 0.05125 0.21375 0.0975 0.1025
0 0.165 0.085 0.08 0.115
0 0.2825 0.1425 0.055 0.055
0 0.4175 0.05125 0.055 0.0525
0 0.52125 0.05125 0.1125 0.0975
0 0.9775 0.70625 0.045 0.1125
0 0.8675 0.36125 0.08 0.0825
0 0.865 0.2525 0.07 0.085
0 0.945 0.32625 0.075 0.0775
0 0.31875 0.7225 0.0525 0.075
0 0.31875 0.85 0.1375 0.155
0 0.49125 0.94625 0.0875 0.0975
0 0.5375 0.8925 0.08 0.085
0 0.6475 0.81 0.1 0.09
0 0.73125 0.8825 0.0875 0.105
0 0.1875 0.57125 0.065 0.0575
0 0.3325 0.20875 0.09 0.0975
0 0.18125 0.23 0.0775 0.08
0 0.69 0.65625 0.065 0.0975
0 0.875 0.16125 0.095 0.1125
0 0.66875 0.1675 0.0775 0.1
0 0.78 0.28375 0.105 0.1225
0 0.75375 0.37875 0.0675 0.0775
0 0.5625 0.28375 0.11 0.1275
0 0.6825 0.5375 0.08 0.085
0 0.11125 0.89125 0.0675 0.0775
0 0.08875 0.96 0.0825 0.08
0 0.04 0.69625 0.075 0.0875
0 0.23 0.72625 0.095 0.0725
0 0.195 0.79125 0.09 0.0775
0 0.25375 0.94 0.0625 0.07
0 0.61125 0.355 0.0425 0.05
0 0.8275 0.485 0.075 0.1
0 0.58875 0.565 0.0775 0.09
