0 0.11875 0.71125 0.0725 0.0725
0 0.9725 0.5125 0.055 0.19
0 0.1125 0.16 0.055 0.06
0 0.04 0.195 0.075 0.16
0 0.5625 0.82875 0.055 0.0675
0 0.765 0.0525 0.095 0.085
0 0.7475 0.125 0.085 0.09
0 0.03625 0.70125 0.0675 0.0575
0 0.11625 0.8375 0.1325 0.165
0 0.5075 0.97875 0.09 0.0425
0 0.52125 0.935 0.0425 0.04
0 0.84125 0.85375 0.1475 0.1975
0 0.91875 0.7675 0.0725 0.08
0 0.90375 0.68875 0.0725 0.0675
0 0.3525 0.03 0.055 0.045
0 0.37125 0.98 0.0725 0.04
0 0.7675 0.2025 0.065 0.075
0 0.1975 0.0975 0.09 0.105
0 0.70125 0.8225 0.1175 0.16
0 0.89125 0.4125 0.0675 0.08
0 0.79125 0.39625 0.1325 0.1525
0 0.48 0.7525 0.05 0.07
0 0.19125 0.655 0.1125 0.135
0 0.375 0.73 0.13 0.18
0 0.41625 0.91875 0.0725 0.0975
0 0.95125 0.16125 0.0975 0.1675
0 0.225 0.50125 0.1 0.1175
0 0.52625 0.265 0.1525 0.16
0 0.45375 0.5225 0.1175 0.165
