0 0.50625 0.50625 0.0475 0.0475
0 0.03625 0.54625 0.0525 0.0475
0 0.37375 0.23625 0.0375 0.0425
0 0.18625 0.97 0.0525 0.045
0 0.055 0.93125 0.08 0.0875
0 0.11 0.05875 0.11 0.1125
0 0.20375 0.36875 0.0475 0.0475
0 0.95625 0.06125 0.0875 0.1175
0 0.48375 0.565 0.0675 0.08
0 0.4025 0.74 0.125 0.14
0 0.3775 0.92875 0.06 0.0675
0 0.7 0.97125 0.055 0.0575
0 0.30625 0.1825 0.0375 0.045
0 0.335 0.20875 0.035 0.0525
0 0.68375 0.56375 0.0575 0.0525
0 0.65125 0.61875 0.0525 0.0425
0 0.69875 0.5225 0.0625 0.055
0 0.87375 0.65375 0.0775 0.0825
0 0.82 0.25125 0.18 0.2375
0 0.81 0.585 0.045 0.055
0 0.105 0.3625 0.08 0.1
0 0.18625 0.43 0.0575 0.075
0 0.61625 0.0825 0.1375 0.145
0 0.75625 0.595 0.0675 0.08
0 0.83625 0.94625 0.0625 0.0675
0 0.49875 0.95125 0.0575 0.0825
0 0.29125 0.875 0.0425 0.055
0 0.10875 0.68 0.0625 0.09
0 0.0875 0.49875 0.08 0.0925
0 0.1875 0.59 0.08 0.08
0 0.27625 0.61375 0.0725 0.0875
0 0.93625 0.3925 0.0725 0.075
0 0.5475 0.18625 0.1 0.1475
0 0.355 0.49 0.095 0.09
0 0.56625 0.57625 0.0625 0.0675
