0 0.6 0.845 0.065 0.07
0 0.6 0.9175 0.08 0.075
0 0.38125 0.17625 0.0675 0.0625
0 0.5875 0.56375 0.045 0.0425
0 0.60125 0.61125 0.0475 0.0475
0 0.63125 0.48125 0.0975 0.0925
0 0.5325 0.47125 0.045 0.0525
0 0.0525 0.35875 0.065 0.0875
0 0.65875 0.2025 0.0625 0.06
0 0.82375 0.1875 0.0275 0.035
0 0.78125 0.425 0.0575 0.045
0 0.76 0.78375 0.06 0.0575
0 0.11 0.7525 0.085 0.055
0 0.66875 0.40125 0.0475 0.0475
0 0.72625 0.28875 0.0575 0.0725
0 0.8125 0.3075 0.135 0.125
0 0.94125 0.31 0.0825 0.085
0 0.50625 0.25625 0.1075 0.0875
0 0.38 0.2525 0.105 0.09
0 0.20875 0.7325 0.0775 0.07
0 0.86 0.415 0.09 0.08
0 0.7275 0.7025 0.15 0.115
0 0.67625 0.5825 0.0825 0.11
0 0.04875 0.0225 0.0925 0.04
0 0.6325 0.7725 0.095 0.075
0 0.30875 0.73625 0.0625 0.0675
0 0.9675 0.03625 0.065 0.0675
0 0.05 0.08875 0.075 0.0825
0 0.03125 0.48 0.0575 0.095
0 0.87375 0.04375 0.1025 0.0825
0 0.88625 0.50125 0.0825 0.0825
0 0.8625 0.7675 0.125 0.14
0 0.95625 0.7075 0.0875 0.09
0 0.87125 0.93375 0.1525 0.1325
0 0.51875 0.13875 0.2025 0.2125
0 0.94375 0.41125 0.1125 0.1225
0 0.925 0.16 0.15 0.175
0 0.37625 0.96375 0.0825 0.0725
0 0.02125 0.66 0.0375 0.12
0 0.03 0.1775 0.055 0.08
0 0.10375 0.16625 0.0775 0.1025
0 0.2325 0.11375 0.165 0.1675
0 0.34125 0.0475 0.0975 0.09
0 0.0325 0.745 0.06 0.065
0 0.075 0.9475 0.135 0.1
0 0.685 0.0575 0.115 0.095
0 0.785 0.0525 0.075 0.1
0 0.77375 0.515 0.1375 0.145
0 0.1525 0.05125 0.11 0.0975
0 0.74875 0.17625 0.1125 0.1225
0 0.4525 0.8675 0.2 0.18
0 0.455 0.65875 0.22 0.2375
0 0.02875 0.83875 0.0525 0.1075
0 0.1025 0.83875 0.095 0.1075
0 0.24625 0.8875 0.1825 0.225
0 0.1925 0.305 0.23 0.205
0 0.32375 0.4825 0.1775 0.165
0 0.425 0.36875 0.17 0.1525
0 0.1125 0.67 0.105 0.115
0 0.0725 0.555 0.075 0.1
0 0.115 0.5 0.05 0.085
0 0.5825 0.3825 0.11 0.12
0 0.2725 0.6275 0.13 0.125
