0 0.29125 0.685 0.1275 0.075
0 0.3825 0.7875 0.085 0.065
0 0.02625 0.1075 0.0475 0.085
0 0.9675 0.52125 0.065 0.0925
0 0.875 0.48625 0.105 0.1125
0 0.74875 0.545 0.1225 0.105
0 0.72625 0.8475 0.1525 0.175
0 0.9675 0.83625 0.065 0.0875
0 0.92875 0.76625 0.0875 0.1175
0 0.93375 0.64875 0.1325 0.1375
0 0.035 0.52375 0.065 0.0625
0 0.06 0.62375 0.115 0.1175
0 0.4375 0.03875 0.1 0.0725
0 0.54 0.09625 0.13 0.1125
0 0.50625 0.25 0.1525 0.165
0 0.59375 0.45625 0.1325 0.0825
0 0.125 0.9575 0.14 0.085
0 0.11875 0.065 0.1125 0.09
0 0.29875 0.09375 0.0825 0.0775
0 0.4 0.3375 0.12 0.12
0 0.5575 0.36375 0.08 0.0875
0 0.9625 0.1575 0.075 0.08
0 0.92875 0.4 0.0425 0.05
0 0.96875 0.425 0.0475 0.045
0 0.97875 0.36 0.0425 0.06
0 0.5775 0.7775 0.2 0.26
0 0.4425 0.77625 0.06 0.0575
0 0.38375 0.84625 0.0775 0.0625
0 0.2475 0.8975 0.055 0.06
0 0.145 0.85625 0.07 0.0675
0 0.2625 0.7725 0.095 0.1
0 0.28375 0.59125 0.1375 0.1275
0 0.2 0.54875 0.065 0.1025
0 0.08375 0.37 0.1375 0.115
0 0.21125 0.3375 0.0575 0.05
0 0.75 0.6525 0.08 0.07
0 0.12 0.7125 0.095 0.09
