0 0.28 0.375 0.08 0.075
0 0.41 0.55375 0.07 0.0775
0 0.55875 0.40375 0.0775 0.0625
0 0.79625 0.91625 0.0625 0.0725
0 0.2875 0.1475 0.08 0.08
0 0.9675 0.635 0.065 0.065
0 0.52375 0.5625 0.0625 0.07
0 0.20625 0.0925 0.0775 0.075
0 0.09625 0.18875 0.1275 0.1225
0 0.11375 0.3725 0.0475 0.055
0 0.2825 0.69375 0.08 0.0625
0 0.21625 0.945 0.0475 0.05
0 0.105 0.81875 0.105 0.1025
0 0.44375 0.22875 0.0625 0.0475
0 0.4525 0.395 0.1 0.11
0 0.29 0.2425 0.125 0.115
0 0.4875 0.1825 0.065 0.065
0 0.9775 0.5475 0.045 0.13
0 0.8625 0.63375 0.065 0.0625
0 0.96 0.7175 0.08 0.08
0 0.07125 0.9375 0.1125 0.095
0 0.0875 0.66875 0.13 0.1275
0 0.0275 0.50625 0.05 0.0525
0 0.03 0.43125 0.055 0.0725
0 0.28125 0.055 0.0875 0.105
0 0.68 0.19375 0.02 0.0225
0 0.72625 0.09625 0.0975 0.1275
0 0.585 0.77 0.115 0.135
0 0.4925 0.88 0.135 0.14
0 0.41875 0.9575 0.1225 0.085
0 0.5725 0.47625 0.085 0.0925
0 0.1075 0.49375 0.08 0.0775
0 0.29625 0.505 0.0975 0.095
0 0.3275 0.62125 0.07 0.0675
0 0.7775 0.82 0.15 0.13
0 0.68875 0.60625 0.1325 0.1175
0 0.8275 0.4075 0.18 0.175
