0 0.3175 0.975 0.045 0.05
0 0.025 0.2875 0.045 0.115
0 0.04375 0.82125 0.0825 0.1225
0 0.08875 0.70625 0.1125 0.0925
0 0.79375 0.03375 0.0625 0.0625
0 0.375 0.95625 0.065 0.0825
0 0.86625 0.2575 0.0775 0.08
0 0.9175 0.30375 0.05 0.0675
0 0.96875 0.33 0.0525 0.07
0 0.96875 0.38 0.0625 0.06
0 0.97375 0.44375 0.0525 0.0925
0 0.2525 0.95875 0.08 0.0725
0 0.90125 0.63625 0.1425 0.1575
0 0.83875 0.31625 0.0625 0.0725
0 0.48125 0.0375 0.1325 0.07
0 0.49125 0.125 0.0975 0.095
0 0.59125 0.1375 0.1175 0.11
0 0.64375 0.53375 0.1075 0.0975
0 0.6275 0.435 0.1 0.09
0 0.175 0.4925 0.15 0.19
0 0.71375 0.905 0.2825 0.19
0 0.59875 0.22875 0.1125 0.0975
0 0.4325 0.335 0.17 0.18
0 0.47125 0.55125 0.1575 0.1575
0 0.6525 0.33625 0.145 0.1325
0 0.75125 0.43375 0.0825 0.1025
