0 0.9225 0.04875 0.155 0.0925
0 0.03875 0.335 0.0725 0.155
0 0.58875 0.365 0.1125 0.105
0 0.565 0.205 0.135 0.165
0 0.815 0.26375 0.365 0.3425
0 0.035 0.05625 0.065 0.0875
0 0.09125 0.0775 0.0675 0.075
0 0.055 0.83875 0.095 0.1025
0 0.165 0.86875 0.085 0.0925
0 0.31625 0.485 0.1575 0.18
0 0.36875 0.9275 0.1925 0.145
0 0.50125 0.72875 0.1625 0.1425
0 0.59 0.0475 0.075 0.09
0 0.5025 0.04875 0.1 0.0925
0 0.655 0.68375 0.14 0.1625
0 0.77875 0.575 0.1625 0.175
0 0.20125 0.79875 0.0925 0.0875
0 0.85625 0.81625 0.2875 0.3375
0 0.5425 0.5175 0.18 0.18
0 0.33375 0.79875 0.1625 0.1475
0 0.0425 0.1475 0.06 0.105
0 0.38 0.0475 0.125 0.09
0 0.32875 0.66125 0.1525 0.1625
0 0.1575 0.37 0.12 0.105
0 0.11875 0.58875 0.2325 0.3225
0 0.27625 0.295 0.1425 0.12
0 0.40125 0.16375 0.1875 0.1625
0 0.5875 0.90125 0.155 0.1675
0 0.94 0.51625 0.12 0.1175
0 0.18375 0.1875 0.0725 0.065
0 0.22375 0.0975 0.1525 0.125
0 0.435 0.3475 0.16 0.165
