0 0.52125 0.02625 0.2025 0.0475
0 0.1975 0.57375 0.1 0.0875
0 0.195 0.77 0.12 0.085
0 0.315 0.52125 0.065 0.0575
0 0.33625 0.27 0.0675 0.11
0 0.44125 0.2525 0.1375 0.135
0 0.05 0.81 0.085 0.09
0 0.45375 0.1025 0.1075 0.095
0 0.95125 0.04875 0.0975 0.0925
0 0.92625 0.4975 0.0525 0.05
0 0.8825 0.5875 0.125 0.125
0 0.89375 0.8925 0.1825 0.19
0 0.29625 0.05 0.1075 0.095
0 0.09625 0.72625 0.0825 0.0925
0 0.96875 0.18 0.0625 0.13
0 0.95625 0.34 0.0875 0.185
0 0.7925 0.155 0.225 0.265
0 0.8 0.41375 0.215 0.1875
0 0.12375 0.1375 0.1525 0.17
0 0.18625 0.05125 0.1225 0.0975
0 0.60875 0.385 0.1075 0.105
0 0.05875 0.21625 0.1125 0.1325
0 0.05375 0.4725 0.1025 0.135
0 0.06 0.6175 0.115 0.135
0 0.355 0.72125 0.075 0.0625
0 0.74875 0.7 0.1575 0.105
0 0.73625 0.5575 0.1725 0.175
0 0.25375 0.26875 0.0675 0.0925
0 0.3325 0.1625 0.165 0.13
0 0.38 0.4175 0.205 0.2
0 0.21625 0.68125 0.1775 0.1275
0 0.095 0.36 0.145 0.105
0 0.15625 0.27625 0.1025 0.1125
0 0.615 0.24 0.145 0.185
0 0.865 0.7525 0.075 0.065
0 0.93 0.70625 0.105 0.1125
0 0.08875 0.925 0.1725 0.15
0 0.40875 0.8 0.1025 0.115
0 0.495 0.92625 0.15 0.1475
0 0.71375 0.88125 0.1825 0.2175
0 0.18375 0.4825 0.1525 0.115
0 0.56125 0.49875 0.1975 0.1475
0 0.545 0.67375 0.22 0.1975
0 0.58375 0.8075 0.1125 0.085
0 0.31625 0.905 0.1625 0.19
0 0.36625 0.6225 0.1225 0.14
