0 0.71375 0.73375 0.1025 0.0825
0 0.83875 0.70375 0.1375 0.1075
0 0.96 0.7075 0.08 0.095
0 0.90625 0.6 0.1875 0.15
0 0.0375 0.56875 0.07 0.0675
0 0.1 0.72875 0.13 0.1175
0 0.0525 0.8475 0.06 0.09
0 0.8275 0.9575 0.185 0.085
0 0.96 0.94875 0.08 0.1025
0 0.93 0.475 0.135 0.11
0 0.87375 0.81875 0.2525 0.1225
0 0.48625 0.96625 0.1675 0.0675
0 0.525 0.825 0.14 0.095
0 0.68 0.855 0.15 0.145
0 0.9075 0.06625 0.115 0.1025
0 0.50125 0.2825 0.1075 0.1
0 0.1825 0.57375 0.08 0.0825
0 0.10625 0.62875 0.0875 0.0675
0 0.28125 0.7125 0.2225 0.19
0 0.41625 0.4825 0.0825 0.09
0 0.51375 0.47875 0.0925 0.0875
0 0.685 0.47 0.25 0.27
0 0.37375 0.11875 0.0825 0.0825
0 0.775 0.03 0.095 0.055
0 0.80625 0.29625 0.0825 0.1025
0 0.57375 0.91 0.0825 0.085
0 0.53125 0.65375 0.2175 0.2325
0 0.04 0.47125 0.075 0.1175
0 0.18875 0.30125 0.0825 0.0725
0 0.155 0.2225 0.075 0.06
0 0.075 0.33875 0.135 0.1325
0 0.33625 0.88625 0.1475 0.1525
0 0.9225 0.1875 0.155 0.14
0 0.71125 0.28375 0.0925 0.1025
0 0.17875 0.8875 0.1725 0.175
0 0.1225 0.4825 0.09 0.105
0 0.255 0.1225 0.165 0.16
0 0.40625 0.04375 0.0925 0.0825
0 0.64875 0.05125 0.0925 0.0975
0 0.4675 0.38125 0.11 0.1025
0 0.06375 0.1575 0.1125 0.205
0 0.775 0.1575 0.14 0.185
0 0.59625 0.19125 0.1375 0.1575
0 0.93125 0.32625 0.1375 0.1375
0 0.33375 0.285 0.2275 0.165
0 0.285 0.4525 0.21 0.22
0 0.53125 0.0625 0.1275 0.11
0 0.46875 0.1825 0.0975 0.12
