0 0.59 0.73625 0.125 0.1225
0 0.98125 0.7875 0.0375 0.07
0 0.135 0.04625 0.11 0.0875
0 0.115 0.94625 0.175 0.1075
0 0.7925 0.41375 0.09 0.0925
0 0.85375 0.2675 0.1225 0.125
0 0.95625 0.32875 0.0875 0.1375
0 0.65625 0.8475 0.1225 0.14
0 0.695 0.37125 0.09 0.1225
0 0.20375 0.15 0.1675 0.155
0 0.59875 0.05875 0.0825 0.1025
0 0.93125 0.58375 0.1125 0.1125
0 0.66 0.62125 0.12 0.1025
0 0.6825 0.52375 0.09 0.0925
0 0.55125 0.44875 0.1375 0.1275
0 0.705 0.205 0.165 0.175
0 0.8075 0.9225 0.17 0.15
0 0.3125 0.6825 0.43 0.335
