0 0.15625 0.6875 0.0525 0.045
0 0.7925 0.6225 0.06 0.055
0 0.9775 0.64375 0.045 0.0675
0 0.75875 0.98 0.0575 0.04
0 0.4775 0.9075 0.05 0.05
0 0.245 0.975 0.055 0.05
0 0.9475 0.8625 0.065 0.08
0 0.07625 0.94375 0.1025 0.1125
0 0.835 0.5875 0.055 0.06
0 0.5225 0.53875 0.12 0.1025
0 0.845 0.395 0.075 0.08
0 0.3375 0.4025 0.075 0.075
0 0.0525 0.4275 0.075 0.08
0 0.19625 0.54125 0.0675 0.0625
0 0.32625 0.52 0.0975 0.085
0 0.08875 0.2925 0.0625 0.065
0 0.1325 0.36875 0.065 0.0575
0 0.06375 0.21875 0.0525 0.0675
0 0.07125 0.07875 0.0475 0.0625
0 0.82875 0.91375 0.0625 0.0575
0 0.03375 0.66375 0.0625 0.1025
0 0.9725 0.48 0.055 0.065
0 0.49375 0.73375 0.0825 0.0625
0 0.27625 0.92625 0.0725 0.0675
0 0.2125 0.92125 0.065 0.0675
0 0.76375 0.5575 0.0675 0.08
0 0.58875 0.97 0.0675 0.06
0 0.3725 0.96375 0.125 0.0725
0 0.2725 0.7825 0.065 0.06
0 0.74 0.6625 0.085 0.075
0 0.15875 0.85625 0.0975 0.1025
0 0.1425 0.7625 0.105 0.105
0 0.35625 0.87125 0.1225 0.1325
0 0.945 0.91875 0.075 0.0775
0 0.75375 0.905 0.0875 0.075
0 0.84375 0.97125 0.0925 0.0575
0 0.53875 0.805 0.0625 0.07
0 0.6025 0.82625 0.08 0.0675
0 0.66 0.9275 0.095 0.1
0 0.055 0.775 0.075 0.09
0 0.8725 0.67375 0.065 0.0675
0 0.9275 0.57625 0.085 0.0775
0 0.91625 0.755 0.1075 0.125
0 0.80625 0.84125 0.0975 0.0875
0 0.5575 0.8975 0.095 0.075
0 0.43375 0.6025 0.0875 0.065
0 0.33 0.64375 0.11 0.1125
0 0.6075 0.74875 0.1 0.0875
0 0.62875 0.4 0.0975 0.09
0 0.73 0.415 0.075 0.07
0 0.81 0.4625 0.075 0.085
0 0.88375 0.5125 0.0475 0.06
0 0.94375 0.3575 0.1125 0.145
0 0.8475 0.115 0.11 0.135
0 0.7275 0.07 0.09 0.085
0 0.2025 0.06875 0.1 0.0975
0 0.51125 0.39125 0.1275 0.1275
0 0.65875 0.54125 0.1525 0.1775
0 0.78375 0.755 0.0775 0.08
