0 0.4425 0.2525 0.05 0.04
0 0.60125 0.285 0.0575 0.055
0 0.94875 0.89625 0.0375 0.0425
0 0.45375 0.9225 0.1325 0.135
0 0.43875 0.31125 0.0775 0.0775
0 0.31625 0.035 0.0925 0.06
0 0.825 0.24875 0.11 0.1025
0 0.965 0.22375 0.05 0.0425
0 0.9375 0.67 0.055 0.055
0 0.3825 0.3675 0.05 0.065
0 0.43 0.37 0.045 0.055
0 0.30875 0.37375 0.0925 0.1025
0 0.22 0.545 0.075 0.065
0 0.82 0.96125 0.085 0.0775
0 0.31 0.24375 0.16 0.1475
0 0.41625 0.055 0.0925 0.08
0 0.55125 0.0575 0.0875 0.09
0 0.29875 0.5325 0.0775 0.08
0 0.205 0.665 0.085 0.07
0 0.09875 0.67 0.0875 0.075
0 0.12875 0.7425 0.1175 0.09
0 0.18125 0.95625 0.0925 0.0875
0 0.29375 0.955 0.1025 0.09
0 0.36625 0.805 0.0875 0.08
0 0.4775 0.51375 0.095 0.1225
0 0.245 0.60375 0.07 0.0575
0 0.30875 0.115 0.1075 0.09
0 0.5125 0.26625 0.095 0.0925
0 0.15625 0.0425 0.1225 0.08
0 0.90625 0.11625 0.0575 0.0625
0 0.97375 0.16875 0.0525 0.0675
0 0.77625 0.31375 0.0625 0.0525
0 0.9675 0.495 0.065 0.095
0 0.5875 0.9425 0.13 0.115
0 0.71875 0.9425 0.1075 0.09
0 0.54375 0.375 0.1375 0.13
0 0.62375 0.365 0.0575 0.075
0 0.745 0.37625 0.085 0.0825
0 0.4425 0.16 0.13 0.14
0 0.215 0.345 0.09 0.09
0 0.2 0.45625 0.115 0.1375
0 0.14125 0.1775 0.0825 0.06
0 0.1425 0.25375 0.11 0.0925
0 0.38625 0.4475 0.0925 0.085
0 0.5725 0.14625 0.08 0.0725
0 0.59125 0.2225 0.0875 0.08
0 0.6575 0.625 0.075 0.06
0 0.61875 0.73375 0.1475 0.1325
0 0.535 0.81375 0.09 0.0775
0 0.7325 0.82375 0.16 0.1475
0 0.125 0.575 0.075 0.1
0 0.9375 0.7675 0.125 0.14
0 0.61625 0.49875 0.1175 0.1275
0 0.7375 0.51125 0.11 0.1075
0 0.8575 0.52125 0.115 0.1175
