0 0.2538265306122449 0.03 0.058673469387755105 0.055
0 0.48214285714285715 0.2 0.061224489795918366 0.065
0 0.9668367346938775 0.54 0.0663265306122449 0.065
0 0.6173469387755102 0.0975 0.05612244897959184 0.055
0 0.7869897959183674 0.0275 0.05357142857142857 0.05
0 0.8520408163265306 0.0375 0.0663265306122449 0.07
0 0.9668367346938775 0.04875 0.0663265306122449 0.0925
0 0.7372448979591837 0.4075 0.07142857142857142 0.07
0 0.6823979591836735 0.35625 0.06377551020408163 0.0625
0 0.7691326530612245 0.36375 0.058673469387755105 0.0725
0 0.125 0.02125 0.061224489795918366 0.0375
0 0.5599489795918368 0.53 0.08418367346938775 0.06
0 0.47831632653061223 0.40625 0.08418367346938775 0.0975
0 0.4655612244897959 0.3125 0.07397959183673469 0.09
0 0.9132653061224489 0.39625 0.05102040816326531 0.0625
0 0.9426020408163265 0.48625 0.04336734693877551 0.0525
0 0.9030612244897959 0.46375 0.04081632653061224 0.0475
0 0.4005102040816326 0.60625 0.10204081632653061 0.0675
0 0.7321428571428571 0.96125 0.08673469387755102 0.0775
0 0.8482142857142857 0.975 0.06887755102040816 0.05
0 0.6428571428571429 0.9725 0.08163265306122448 0.055
0 0.8903061224489796 0.85625 0.07653061224489796 0.0775
0 0.9323979591836735 0.70375 0.09438775510204081 0.0925
0 0.8290816326530612 0.385 0.061224489795918366 0.07
0 0.8622448979591837 0.44625 0.04591836734693878 0.0575
0 0.9183673469387755 0.13625 0.12244897959183673 0.1125
0 0.6747448979591837 0.65125 0.09438775510204081 0.0875
0 0.9706632653061225 0.78125 0.058673469387755105 0.0725
0 0.9579081632653061 0.61 0.058673469387755105 0.07
0 0.3163265306122449 0.04375 0.061224489795918366 0.0575
0 0.7895408163265306 0.595 0.09948979591836735 0.13
0 0.7920918367346939 0.29625 0.07908163265306123 0.0825
0 0.6313775510204082 0.915 0.058673469387755105 0.055
0 0.576530612244898 0.9675 0.0663265306122449 0.065
0 0.8163265306122449 0.08625 0.08163265306122448 0.0775
0 0.029336734693877552 0.70875 0.05357142857142857 0.0825
0 0.3864795918367347 0.39625 0.08928571428571429 0.1175
0 0.8035714285714286 0.215 0.09183673469387756 0.105
0 0.9005102040816326 0.2475 0.11224489795918367 0.13
0 0.798469387755102 0.8875 0.15816326530612246 0.155
0 0.20535714285714285 0.05125 0.06887755102040816 0.0625
0 0.19005102040816327 0.1375 0.07908163265306123 0.09
0 0.6721938775510204 0.565 0.09948979591836735 0.1
0 0.7665816326530612 0.74625 0.125 0.1475
0 0.4005102040816326 0.7 0.1326530612244898 0.115
0 0.5816326530612245 0.78 0.1326530612244898 0.14
0 0.29591836734693877 0.4 0.10204081632653061 0.08
0 0.29464285714285715 0.50125 0.13010204081632654 0.1225
0 0.5943877551020408 0.43375 0.15306122448979592 0.1475
0 0.5727040816326531 0.19125 0.125 0.1325
0 0.5561224489795918 0.31125 0.10714285714285714 0.1025
0 0.701530612244898 0.28375 0.08673469387755102 0.1025
0 0.6926020408163265 0.0575 0.11479591836734694 0.11
0 0.44642857142857145 0.80375 0.10714285714285714 0.1275
0 0.46683673469387754 0.515 0.11734693877551021 0.125
0 0.5433673469387755 0.6225 0.12755102040816327 0.13
0 0.09948979591836735 0.60125 0.11224489795918367 0.1075
0 0.17091836734693877 0.80875 0.1377551020408163 0.1475
