0 0.81875 0.9625 0.0875 0.075
0 0.7175 0.97 0.095 0.06
0 0.1475 0.1525 0.085 0.085
0 0.96875 0.4875 0.0625 0.135
0 0.18375 0.73125 0.1575 0.1725
0 0.20625 0.39875 0.1675 0.1875
0 0.42375 0.4625 0.0875 0.09
0 0.2475 0.565 0.06 0.065
0 0.63625 0.0575 0.0975 0.095
0 0.9575 0.2 0.085 0.105
0 0.84 0.51125 0.085 0.0775
0 0.305 0.1475 0.1 0.12
0 0.855 0.42 0.1 0.105
0 0.73875 0.33 0.0925 0.085
0 0.76875 0.25375 0.0625 0.0675
0 0.2375 0.615 0.06 0.045
0 0.64875 0.4925 0.1225 0.135
0 0.8575 0.81125 0.06 0.0625
0 0.965 0.63625 0.07 0.0725
0 0.94375 0.71375 0.0775 0.0875
0 0.92 0.8025 0.06 0.08
0 0.24375 0.90375 0.1775 0.1575
0 0.67625 0.15875 0.1225 0.1125
0 0.4425 0.19625 0.105 0.1325
0 0.4175 0.06125 0.1 0.1025
0 0.55 0.805 0.095 0.09
0 0.95375 0.91875 0.0925 0.1275
0 0.5825 0.335 0.12 0.145
0 0.85 0.11125 0.13 0.1375
0 0.535 0.72 0.075 0.06
0 0.415 0.66375 0.08 0.0575
