0 0.58 0.41375 0.06 0.0675
0 0.94875 0.44 0.0725 0.115
0 0.8675 0.40125 0.125 0.1625
0 0.04625 0.21 0.0725 0.06
0 0.66625 0.34625 0.0775 0.0975
0 0.35375 0.3275 0.0725 0.05
0 0.25875 0.41 0.0825 0.06
0 0.7175 0.07375 0.045 0.0475
0 0.92125 0.73875 0.1575 0.1775
0 0.06625 0.09 0.1175 0.16
0 0.75125 0.905 0.0975 0.095
0 0.04625 0.265 0.0375 0.035
0 0.7175 0.76 0.08 0.08
0 0.7775 0.2575 0.04 0.05
0 0.825 0.03875 0.04 0.0475
0 0.7925 0.07125 0.04 0.0525
0 0.67 0.05375 0.04 0.0475
0 0.46375 0.9575 0.1225 0.085
0 0.4875 0.20875 0.085 0.1075
0 0.71125 0.9725 0.0875 0.055
0 0.53125 0.515 0.1475 0.14
0 0.91625 0.9075 0.1625 0.165
0 0.215 0.5025 0.07 0.1
0 0.33875 0.4025 0.0825 0.095
0 0.42625 0.53625 0.0575 0.0525
0 0.7375 0.57875 0.135 0.1125
0 0.32125 0.76375 0.0775 0.0725
0 0.34875 0.685 0.0725 0.05
0 0.40625 0.66625 0.0575 0.0775
0 0.39375 0.88 0.1275 0.105
0 0.26625 0.79625 0.1075 0.1175
0 0.21625 0.8775 0.0675 0.05
0 0.60875 0.8575 0.0825 0.06
0 0.94625 0.245 0.0825 0.1
0 0.46125 0.36 0.1325 0.145
0 0.3575 0.2425 0.14 0.11
0 0.37875 0.12625 0.1525 0.1125
0 0.2125 0.35 0.06 0.085
0 0.18875 0.67 0.0925 0.1
