0 0.0225 0.4975 0.04 0.08
0 0.28625 0.68625 0.0825 0.0875
0 0.27125 0.115 0.0875 0.1
0 0.0425 0.75 0.075 0.14
0 0.94375 0.0975 0.1125 0.17
0 0.44 0.92625 0.055 0.0525
0 0.105 0.95375 0.075 0.0925
0 0.3425 0.31375 0.07 0.0875
0 0.4825 0.8675 0.07 0.065
0 0.37625 0.91125 0.0325 0.0425
0 0.4125 0.7825 0.055 0.06
0 0.90625 0.95625 0.0625 0.0575
0 0.8475 0.96125 0.055 0.0775
0 0.25875 0.3275 0.0975 0.075
0 0.37 0.04125 0.14 0.0775
0 0.71875 0.3125 0.0825 0.105
0 0.31875 0.93375 0.0725 0.0725
0 0.22 0.82875 0.065 0.0775
0 0.14875 0.47625 0.1225 0.1425
0 0.095 0.2675 0.095 0.105
0 0.95625 0.255 0.0725 0.09
0 0.56125 0.3325 0.0575 0.06
0 0.475 0.3925 0.085 0.075
0 0.57875 0.5075 0.0875 0.095
