0 0.73375 0.87625 0.0675 0.0625
0 0.64125 0.1275 0.0425 0.05
0 0.85375 0.57125 0.0525 0.0375
0 0.69125 0.15 0.0575 0.05
0 0.23 0.655 0.06 0.055
0 0.35 0.60625 0.07 0.0675
0 0.465 0.5225 0.09 0.085
0 0.81375 0.59125 0.0425 0.0275
0 0.5675 0.9025 0.055 0.045
0 0.44125 0.4275 0.1175 0.135
0 0.0575 0.61625 0.055 0.0575
0 0.8725 0.72 0.15 0.13
0 0.95625 0.315 0.0825 0.075
0 0.97375 0.0525 0.0525 0.075
0 0.73375 0.0375 0.0575 0.07
0 0.71375 0.43625 0.0575 0.0575
0 0.6375 0.05125 0.125 0.0875
0 0.6175 0.5675 0.1 0.085
0 0.52 0.17625 0.075 0.0775
0 0.2275 0.9525 0.06 0.055
0 0.02625 0.23125 0.0475 0.0775
0 0.33 0.4625 0.05 0.055
0 0.73375 0.275 0.0625 0.075
0 0.715 0.2 0.07 0.07
0 0.9675 0.65125 0.045 0.0475
0 0.34625 0.94 0.1575 0.12
0 0.05375 0.935 0.0775 0.085
0 0.06375 0.755 0.0625 0.07
0 0.06625 0.68 0.0625 0.065
0 0.0625 0.30375 0.07 0.0625
0 0.1525 0.065 0.115 0.115
0 0.825 0.0975 0.105 0.075
0 0.96125 0.4825 0.0725 0.155
0 0.85 0.62875 0.055 0.0475
0 0.605 0.65125 0.11 0.0775
0 0.61125 0.3675 0.0575 0.055
0 0.1825 0.1875 0.07 0.055
0 0.17375 0.47625 0.0875 0.0875
0 0.20125 0.815 0.0325 0.05
0 0.24 0.8175 0.04 0.05
0 0.16625 0.82 0.0375 0.045
0 0.4025 0.77875 0.035 0.0325
0 0.36 0.7725 0.03 0.045
0 0.315 0.8 0.05 0.08
0 0.915 0.9725 0.065 0.055
0 0.9725 0.91875 0.05 0.0525
0 0.62125 0.425 0.0325 0.04
0 0.5675 0.48125 0.05 0.0675
0 0.67625 0.46625 0.0375 0.0425
0 0.0325 0.5475 0.06 0.075
0 0.26625 0.7475 0.0825 0.095
0 0.14875 0.27375 0.1275 0.1125
0 0.4575 0.8725 0.05 0.05
0 0.535 0.845 0.065 0.075
0 0.46375 0.8075 0.0525 0.06
0 0.34375 0.70625 0.0675 0.0675
0 0.43625 0.66875 0.1125 0.1425
0 0.18625 0.7075 0.0825 0.09
0 0.10625 0.1475 0.0875 0.085
0 0.4075 0.05625 0.135 0.1075
0 0.84875 0.2775 0.0575 0.075
0 0.82125 0.1975 0.0725 0.075
0 0.66875 0.68875 0.0475 0.0525
0 0.8025 0.8525 0.115 0.145
0 0.15 0.38 0.125 0.09
0 0.3375 0.31125 0.12 0.1175
0 0.86 0.51375 0.08 0.0825
0 0.50125 0.28875 0.0875 0.0925
0 0.53 0.115 0.07 0.06
0 0.60125 0.20375 0.0575 0.0625
0 0.66375 0.31875 0.0975 0.1025
0 0.76125 0.54 0.0675 0.085
