0 0.55375 0.02875 0.0675 0.0525
0 0.09375 0.83 0.1425 0.21
0 0.39125 0.23125 0.0725 0.0775
0 0.58 0.195 0.07 0.075
0 0.7875 0.15625 0.05 0.0575
0 0.0725 0.15875 0.125 0.0925
0 0.04375 0.5275 0.0825 0.12
0 0.2425 0.3575 0.12 0.17
0 0.9475 0.05625 0.105 0.1025
0 0.68125 0.04375 0.0725 0.0475
0 0.65625 0.10375 0.0475 0.0675
0 0.7075 0.11375 0.05 0.0575
0 0.58625 0.105 0.0775 0.085
0 0.43 0.115 0.17 0.15
0 0.14 0.26625 0.07 0.0625
0 0.2675 0.21125 0.15 0.1025
0 0.27875 0.10875 0.1075 0.0775
0 0.145 0.49375 0.13 0.1375
0 0.235 0.6025 0.085 0.085
0 0.79125 0.35625 0.2875 0.2625
