0 0.75875 0.85125 0.0775 0.0975
0 0.59625 0.69875 0.1375 0.1375
0 0.48875 0.175 0.0875 0.08
0 0.30625 0.41625 0.0375 0.0625
0 0.23375 0.42125 0.0525 0.0625
0 0.04625 0.72875 0.0825 0.0775
0 0.68875 0.55 0.1225 0.12
0 0.2125 0.57625 0.12 0.0725
0 0.37 0.32625 0.045 0.0525
0 0.38375 0.42625 0.0925 0.0925
0 0.1425 0.16 0.095 0.085
0 0.03125 0.1175 0.0575 0.095
0 0.11 0.07125 0.13 0.0925
0 0.24625 0.6425 0.1075 0.085
0 0.88125 0.76875 0.1325 0.1325
0 0.94625 0.635 0.1075 0.185
0 0.43 0.5025 0.06 0.065
0 0.41875 0.19875 0.0825 0.0625
0 0.58 0.92625 0.155 0.1375
0 0.96 0.91125 0.07 0.0825
0 0.27 0.1225 0.075 0.055
0 0.53125 0.1275 0.1125 0.12
0 0.8225 0.09125 0.085 0.0775
0 0.24375 0.3025 0.0825 0.085
0 0.06375 0.6275 0.0725 0.095
0 0.4025 0.88 0.16 0.18
0 0.47 0.33125 0.075 0.0775
0 0.3625 0.575 0.105 0.145
0 0.14 0.71375 0.1 0.1275
0 0.25375 0.7375 0.0775 0.08
0 0.2375 0.91375 0.085 0.0775
0 0.11375 0.91125 0.1425 0.1475
0 0.11625 0.30625 0.1375 0.1375
0 0.235 0.19875 0.09 0.0925
0 0.325 0.295 0.06 0.065
0 0.85875 0.44125 0.1375 0.1375
