0 0.98125 0.6075 0.0375 0.085
0 0.495 0.925 0.07 0.065
0 0.2025 0.89375 0.07 0.0675
0 0.175 0.7625 0.105 0.115
0 0.41375 0.11625 0.0675 0.0625
0 0.66625 0.14 0.0575 0.07
0 0.5875 0.5225 0.11 0.065
0 0.68125 0.52125 0.0575 0.0575
0 0.68625 0.59 0.0775 0.065
0 0.60625 0.62375 0.0725 0.0725
0 0.9225 0.48125 0.075 0.0875
0 0.71375 0.37125 0.1025 0.1075
0 0.7575 0.46625 0.065 0.0625
0 0.89875 0.94625 0.1225 0.1075
0 0.82 0.85625 0.075 0.0775
0 0.94375 0.82125 0.1125 0.1625
0 0.25625 0.715 0.0675 0.075
0 0.08375 0.865 0.0825 0.095
0 0.14125 0.94125 0.0675 0.0725
0 0.385 0.96375 0.09 0.0725
0 0.26625 0.965 0.1025 0.07
0 0.3675 0.8625 0.085 0.1
0 0.27875 0.88 0.0775 0.085
0 0.45625 0.84 0.0875 0.1
0 0.27125 0.575 0.1275 0.125
0 0.5325 0.60625 0.095 0.1025
0 0.66375 0.68625 0.1025 0.0925
0 0.88 0.40375 0.11 0.1225
0 0.78125 0.9575 0.0875 0.085
0 0.65875 0.9425 0.0875 0.115
0 0.57125 0.88 0.0775 0.065
0 0.6525 0.78875 0.105 0.0875
0 0.5375 0.7325 0.115 0.135
0 0.38875 0.71125 0.1375 0.1375
0 0.8525 0.64375 0.195 0.2325
0 0.09875 0.565 0.1925 0.195
0 0.35875 0.46125 0.0725 0.0725
0 0.4675 0.44 0.115 0.105
0 0.605 0.4175 0.125 0.135
