0 0.4925 0.37125 0.075 0.0825
0 0.37875 0.345 0.0575 0.065
0 0.2025 0.255 0.055 0.055
0 0.03375 0.635 0.0625 0.11
0 0.13 0.65125 0.08 0.0825
0 0.59125 0.34875 0.0975 0.0975
0 0.96875 0.07375 0.0625 0.0875
0 0.96875 0.17375 0.0625 0.1075
0 0.97 0.925 0.06 0.095
0 0.33625 0.695 0.0675 0.06
0 0.8275 0.2525 0.06 0.045
0 0.9125 0.4175 0.07 0.075
0 0.27375 0.15375 0.0675 0.0575
0 0.43375 0.89875 0.0325 0.0275
0 0.78 0.81375 0.065 0.0425
0 0.76375 0.8625 0.0425 0.055
0 0.8175 0.86375 0.045 0.0525
0 0.80125 0.93 0.0825 0.07
0 0.95375 0.5675 0.0425 0.045
0 0.2275 0.46875 0.07 0.0575
0 0.08875 0.75125 0.1325 0.1275
0 0.3325 0.8825 0.035 0.035
0 0.34625 0.85 0.0225 0.02
0 0.38375 0.87125 0.0225 0.0275
0 0.2075 0.89 0.195 0.16
0 0.6525 0.38125 0.04 0.0475
0 0.565 0.55875 0.06 0.0675
0 0.57375 0.63875 0.0525 0.0575
0 0.7025 0.455 0.05 0.05
0 0.305 0.05625 0.145 0.1075
0 0.06625 0.05 0.0775 0.07
0 0.11 0.19 0.11 0.11
0 0.8025 0.355 0.14 0.115
0 0.83625 0.46625 0.1075 0.1075
0 0.77875 0.60125 0.1725 0.1675
0 0.51125 0.52 0.0725 0.09
0 0.39875 0.95375 0.1575 0.0925
0 0.5575 0.04625 0.09 0.0775
0 0.29625 0.37 0.0875 0.085
0 0.28125 0.26625 0.0875 0.0925
0 0.365 0.15375 0.11 0.1025
0 0.6225 0.10125 0.085 0.0975
0 0.44125 0.41375 0.0675 0.0825
0 0.4925 0.6525 0.08 0.115
0 0.705 0.785 0.09 0.11
0 0.6875 0.945 0.105 0.1
0 0.3275 0.525 0.1 0.11
0 0.8725 0.78125 0.095 0.1275
0 0.59375 0.2625 0.0825 0.085
0 0.39875 0.2375 0.0725 0.07
0 0.13875 0.3725 0.1025 0.14
0 0.11 0.50375 0.11 0.1075
