0 0.9775 0.07 0.045 0.07
0 0.19875 0.81 0.0825 0.065
0 0.97375 0.7325 0.0525 0.055
0 0.46375 0.51125 0.0575 0.0425
0 0.9725 0.60625 0.055 0.0825
0 0.61375 0.665 0.0875 0.09
0 0.4 0.27125 0.09 0.0975
0 0.86375 0.5575 0.1275 0.135
0 0.52375 0.4725 0.0725 0.08
0 0.4825 0.18 0.135 0.115
0 0.52875 0.29625 0.1425 0.1075
0 0.395 0.0575 0.075 0.06
0 0.75375 0.0425 0.1275 0.08
0 0.84625 0.1275 0.0425 0.06
0 0.57375 0.36875 0.0525 0.0575
0 0.905 0.0375 0.07 0.065
0 0.9225 0.17 0.065 0.08
0 0.84625 0.19 0.0425 0.06
0 0.7725 0.15 0.095 0.12
0 0.85625 0.6675 0.0575 0.06
0 0.43 0.465 0.07 0.06
0 0.0375 0.47 0.07 0.11
0 0.29875 0.28 0.0775 0.085
0 0.41 0.37875 0.105 0.1025
0 0.50375 0.39125 0.0625 0.0775
0 0.5925 0.755 0.07 0.08
0 0.5675 0.8125 0.06 0.065
0 0.51125 0.855 0.0775 0.07
0 0.46625 0.78375 0.0625 0.0575
0 0.61375 0.96125 0.1275 0.0775
0 0.455 0.9325 0.115 0.08
0 0.37 0.83625 0.06 0.0475
0 0.17375 0.65 0.2025 0.185
0 0.39625 0.6075 0.0975 0.11
0 0.8025 0.95625 0.08 0.0875
0 0.8975 0.87875 0.12 0.1275
0 0.915 0.6775 0.06 0.07
0 0.94 0.415 0.105 0.095
0 0.9425 0.2725 0.115 0.12
0 0.7675 0.705 0.085 0.11
0 0.15875 0.4 0.1225 0.12
