0 0.58 0.355 0.12 0.105
0 0.80125 0.56125 0.0425 0.0425
0 0.8475 0.71 0.075 0.07
0 0.68 0.71625 0.06 0.0575
0 0.1775 0.03375 0.11 0.0625
0 0.05125 0.06375 0.0975 0.1175
0 0.3525 0.6275 0.09 0.085
0 0.30625 0.23375 0.1475 0.1125
0 0.65 0.975 0.075 0.05
0 0.10625 0.8175 0.1375 0.135
0 0.91875 0.965 0.0725 0.07
0 0.9525 0.79625 0.095 0.1725
0 0.6425 0.6075 0.095 0.08
0 0.21625 0.7525 0.0775 0.095
0 0.33 0.73625 0.135 0.1225
0 0.24125 0.6375 0.1275 0.105
0 0.06875 0.29 0.1075 0.135
0 0.18125 0.31125 0.1025 0.1275
0 0.20625 0.49 0.1675 0.15
0 0.895 0.03375 0.08 0.0625
0 0.55125 0.1 0.0525 0.045
0 0.5775 0.26375 0.115 0.0875
0 0.3225 0.11125 0.155 0.1025
0 0.54375 0.5725 0.0625 0.07
0 0.06875 0.675 0.1025 0.115
0 0.1475 0.16125 0.125 0.1125
0 0.32125 0.3525 0.0875 0.1
0 0.52125 0.17375 0.1025 0.0875
0 0.68125 0.8725 0.0575 0.055
0 0.39875 0.83 0.1225 0.1
0 0.4575 0.59625 0.11 0.0875
0 0.7075 0.5075 0.135 0.135
0 0.49375 0.505 0.0675 0.055
0 0.60375 0.67125 0.0675 0.0575
0 0.61125 0.7475 0.0675 0.065
0 0.88 0.17125 0.09 0.0675
