0 0.8675 0.27 0.09 0.085
0 0.58375 0.29875 0.0575 0.0775
0 0.22125 0.045 0.0575 0.055
0 0.02125 0.7575 0.0375 0.105
0 0.39875 0.94375 0.1175 0.1125
0 0.82 0.44 0.07 0.085
0 0.0675 0.5825 0.12 0.165
0 0.91625 0.9625 0.1025 0.075
0 0.50875 0.3325 0.0725 0.085
0 0.92 0.08625 0.09 0.0975
0 0.7375 0.16625 0.09 0.1025
0 0.235 0.91375 0.105 0.0925
0 0.1875 0.72375 0.15 0.1675
0 0.93 0.8675 0.12 0.12
0 0.5875 0.39125 0.09 0.1075
0 0.71625 0.4375 0.0975 0.1
0 0.96375 0.58125 0.0725 0.1275
0 0.5225 0.4925 0.115 0.115
0 0.84375 0.17 0.0875 0.105
0 0.625 0.17 0.11 0.12
0 0.11125 0.0375 0.0525 0.06
0 0.83875 0.6625 0.1475 0.13
0 0.79125 0.79125 0.1425 0.1125
0 0.1975 0.30375 0.12 0.0875
0 0.97125 0.16125 0.0575 0.0675
0 0.77625 0.3325 0.1225 0.1
0 0.7525 0.06 0.095 0.085
0 0.715 0.55375 0.13 0.1275
0 0.5 0.24 0.065 0.085
0 0.47875 0.04125 0.0725 0.0775
0 0.40375 0.0425 0.0625 0.07
0 0.0825 0.89625 0.125 0.1275
0 0.09125 0.18125 0.0875 0.0975
0 0.945 0.35625 0.1 0.1175
0 0.3625 0.83 0.085 0.1
0 0.8925 0.505 0.095 0.105
0 0.05375 0.3025 0.0525 0.055
0 0.18125 0.43375 0.0875 0.0875
0 0.38625 0.24125 0.1125 0.1125
