0 0.875 0.52375 0.07 0.0725
0 0.25125 0.0775 0.0725 0.06
0 0.3725 0.05 0.065 0.065
0 0.775 0.505 0.055 0.065
0 0.1 0.135 0.045 0.055
0 0.02125 0.4675 0.0375 0.06
0 0.50875 0.9625 0.1075 0.075
0 0.74 0.975 0.105 0.05
0 0.94 0.37 0.1 0.095
0 0.4 0.46375 0.06 0.0625
0 0.22625 0.59125 0.0975 0.0975
0 0.465 0.03125 0.105 0.0575
0 0.965 0.045 0.07 0.085
0 0.14875 0.1175 0.0525 0.07
0 0.06625 0.15875 0.0425 0.0525
0 0.0475 0.07625 0.05 0.0575
0 0.87 0.055 0.085 0.095
0 0.23125 0.95 0.1075 0.1
0 0.68 0.55875 0.13 0.1275
0 0.86875 0.1575 0.1125 0.1
0 0.82875 0.42125 0.1175 0.1025
0 0.69375 0.06125 0.1225 0.1175
0 0.3825 0.56375 0.09 0.0925
0 0.55875 0.49625 0.1625 0.1775
0 0.38375 0.7225 0.0725 0.07
0 0.43875 0.83125 0.1225 0.1075
0 0.47375 0.6725 0.1175 0.125
0 0.2475 0.46625 0.155 0.1425
0 0.8325 0.67875 0.105 0.1275
0 0.2125 0.135 0.065 0.085
0 0.10125 0.3125 0.0675 0.065
0 0.8775 0.27375 0.115 0.1325
0 0.7425 0.2825 0.085 0.125
0 0.07625 0.49625 0.0725 0.0825
0 0.7125 0.16125 0.09 0.1025
0 0.41125 0.115 0.0825 0.095
0 0.26875 0.79625 0.1225 0.1475
0 0.4275 0.9475 0.055 0.06
0 0.895 0.85875 0.13 0.1525
0 0.50125 0.25125 0.1425 0.1675
0 0.05875 0.75875 0.1125 0.0975
0 0.64375 0.28625 0.0925 0.0975
0 0.31125 0.31625 0.0825 0.0975
0 0.085 0.24125 0.075 0.0725
0 0.765 0.90125 0.105 0.1025
0 0.56125 0.80875 0.0675 0.0625
0 0.35125 0.93875 0.0975 0.0925
0 0.68 0.69875 0.115 0.1275
