0 0.62125 0.30875 0.2125 0.2425
0 0.11375 0.3 0.1225 0.115
0 0.24625 0.71875 0.1325 0.1275
0 0.46625 0.82125 0.2625 0.3325
0 0.95875 0.86625 0.0425 0.0725
0 0.96 0.28875 0.08 0.0975
0 0.76125 0.215 0.0825 0.11
0 0.69 0.51625 0.205 0.1625
0 0.7325 0.87375 0.21 0.2175
0 0.395 0.1375 0.095 0.085
0 0.95 0.4525 0.055 0.045
0 0.91625 0.06375 0.0775 0.0825
0 0.815 0.09625 0.065 0.0675
0 0.91125 0.1725 0.1075 0.12
0 0.77375 0.63 0.1125 0.115
0 0.06625 0.18375 0.1175 0.1175
0 0.1725 0.1875 0.08 0.105
0 0.88625 0.57125 0.1275 0.1925
0 0.16125 0.44875 0.1025 0.1075
