0 0.4625 0.165 0.05 0.055
0 0.715 0.055 0.135 0.105
0 0.06125 0.86875 0.0875 0.0775
0 0.2 0.085 0.065 0.06
0 0.55125 0.3075 0.0475 0.055
0 0.50625 0.325 0.0425 0.04
0 0.4225 0.06625 0.135 0.1275
0 0.105 0.11875 0.11 0.1075
0 0.23125 0.94375 0.1875 0.1125
0 0.05625 0.95625 0.1075 0.0875
0 0.8775 0.925 0.095 0.1
0 0.69375 0.3425 0.0525 0.05
0 0.63625 0.46875 0.0925 0.1025
0 0.29375 0.0975 0.1375 0.14
0 0.1325 0.0325 0.09 0.06
0 0.1875 0.2475 0.055 0.055
0 0.15125 0.1825 0.0575 0.055
0 0.105 0.275 0.09 0.08
0 0.4 0.25375 0.13 0.1425
0 0.585 0.79 0.06 0.085
0 0.945 0.96875 0.075 0.0625
0 0.47 0.5225 0.095 0.14
0 0.2375 0.8675 0.075 0.08
0 0.2425 0.27375 0.065 0.0575
0 0.255 0.39375 0.07 0.0925
0 0.18375 0.4475 0.0625 0.075
0 0.05875 0.645 0.0875 0.11
0 0.54875 0.94875 0.0425 0.0375
0 0.5125 0.7 0.06 0.07
0 0.6825 0.125 0.08 0.07
0 0.55375 0.165 0.0475 0.065
0 0.48 0.34625 0.045 0.0525
0 0.38625 0.3825 0.0825 0.085
0 0.13375 0.565 0.0925 0.1
0 0.7725 0.455 0.1 0.135
