0 0.36125 0.04125 0.1525 0.0775
0 0.3175 0.1375 0.11 0.105
0 0.27875 0.35875 0.1075 0.0925
0 0.3075 0.46375 0.08 0.1075
0 0.39375 0.45125 0.1025 0.0875
0 0.3 0.6125 0.05 0.045
0 0.03 0.66125 0.055 0.1975
0 0.09 0.96625 0.11 0.0675
0 0.7875 0.04875 0.095 0.0925
0 0.07 0.74375 0.05 0.0475
0 0.1375 0.72625 0.075 0.0625
0 0.5775 0.6125 0.095 0.07
0 0.03625 0.41625 0.0675 0.0575
0 0.08 0.045 0.155 0.085
0 0.73 0.42 0.255 0.265
0 0.44375 0.70125 0.1375 0.1275
0 0.24 0.93 0.175 0.14
0 0.0575 0.84375 0.11 0.1625
0 0.93625 0.31625 0.1275 0.2575
0 0.95875 0.11125 0.0825 0.1475
0 0.135 0.6275 0.145 0.135
0 0.365 0.9075 0.09 0.13
0 0.285 0.75625 0.165 0.1575
0 0.65125 0.77875 0.0575 0.0575
0 0.58 0.70625 0.095 0.1075
0 0.43 0.57125 0.19 0.1425
0 0.32625 0.2275 0.0825 0.085
0 0.415 0.12625 0.14 0.1175
0 0.39375 0.3575 0.1125 0.11
0 0.7325 0.6675 0.21 0.185
0 0.5825 0.52625 0.1 0.1125
0 0.5175 0.36375 0.16 0.1925
0 0.69 0.06 0.12 0.115
0 0.6075 0.1925 0.185 0.13
0 0.54875 0.06375 0.1375 0.1225
0 0.04125 0.1625 0.0775 0.115
0 0.04875 0.31625 0.0925 0.1475
0 0.20375 0.445 0.1075 0.12
0 0.09125 0.48875 0.1475 0.1225
0 0.795 0.23375 0.165 0.1775
0 0.17125 0.81875 0.1075 0.1275
0 0.5175 0.85125 0.21 0.1825
0 0.6775 0.95 0.08 0.1
0 0.95875 0.91 0.0825 0.155
0 0.965 0.7175 0.07 0.19
0 0.85375 0.80125 0.1175 0.1125
0 0.805 0.92 0.125 0.145
0 0.575 0.94875 0.125 0.1025
0 0.22125 0.66875 0.0775 0.0775
0 0.1725 0.28875 0.18 0.1525
0 0.18375 0.13625 0.1575 0.1725
0 0.42875 0.235 0.1075 0.095
