0 0.47375 0.80875 0.0675 0.0725
0 0.44 0.55125 0.14 0.1575
0 0.3325 0.16 0.1 0.105
0 0.27375 0.24 0.0575 0.06
0 0.265 0.32875 0.075 0.0625
0 0.24125 0.39625 0.0825 0.0675
0 0.35875 0.2925 0.1075 0.115
0 0.335 0.43 0.12 0.12
0 0.96375 0.54375 0.0725 0.0925
0 0.87125 0.6775 0.0825 0.095
0 0.40125 0.02875 0.0825 0.0525
0 0.315 0.60625 0.08 0.0625
0 0.38375 0.69125 0.1375 0.1175
0 0.695 0.95625 0.09 0.0875
0 0.0575 0.2025 0.11 0.165
0 0.5975 0.945 0.095 0.09
0 0.7375 0.05125 0.205 0.0975
0 0.5975 0.04375 0.08 0.0825
0 0.45625 0.2375 0.0925 0.12
0 0.265 0.53125 0.065 0.0775
0 0.5075 0.72375 0.095 0.0825
0 0.56125 0.4475 0.0925 0.1
0 0.4225 0.94 0.085 0.08
0 0.56 0.8425 0.11 0.13
0 0.77125 0.88875 0.1025 0.1425
0 0.91 0.3325 0.14 0.145
0 0.8125 0.43375 0.08 0.1175
0 0.90125 0.46625 0.0975 0.1125
0 0.07125 0.68625 0.1375 0.1175
0 0.135 0.53875 0.185 0.1725
0 0.9175 0.9225 0.165 0.155
0 0.805 0.69375 0.06 0.0925
0 0.82375 0.7875 0.0975 0.105
0 0.71125 0.65 0.1325 0.17
0 0.0325 0.41375 0.06 0.1825
0 0.045 0.9325 0.085 0.135
0 0.56375 0.5425 0.1025 0.09
0 0.60125 0.62625 0.0875 0.0825
0 0.59375 0.71625 0.0925 0.0925
0 0.74875 0.5025 0.1025 0.11
0 0.14875 0.065 0.1825 0.125
0 0.16875 0.34375 0.1075 0.1175
0 0.32875 0.5225 0.0525 0.06
0 0.3225 0.06875 0.085 0.0825
0 0.4275 0.10125 0.1 0.0925
0 0.625 0.1575 0.055 0.065
0 0.47 0.37 0.125 0.135
0 0.75875 0.35875 0.0625 0.0775
0 0.6675 0.44125 0.08 0.1025
0 0.9075 0.8125 0.09 0.09
0 0.385 0.82875 0.11 0.1175
0 0.175 0.67125 0.07 0.0825
0 0.16 0.8825 0.095 0.125
0 0.27125 0.9075 0.1125 0.11
0 0.10125 0.415 0.0725 0.09
0 0.86125 0.56375 0.1075 0.1225
0 0.65875 0.845 0.1175 0.145
0 0.61875 0.36625 0.0875 0.0975
0 0.92125 0.0975 0.1525 0.155
0 0.79875 0.17625 0.1025 0.1025
0 0.83125 0.2725 0.0925 0.105
0 0.5375 0.12 0.1 0.11
0 0.1825 0.19875 0.135 0.1675
0 0.96625 0.24875 0.0675 0.0975
0 0.93125 0.72625 0.0875 0.0875
0 0.5425 0.28 0.1 0.11
0 0.66375 0.245 0.0975 0.14
0 0.26625 0.7275 0.1425 0.205
