0 0.66375 0.9675 0.1025 0.065
0 0.96375 0.0425 0.0725 0.075
0 0.88625 0.56 0.0775 0.07
0 0.235 0.2575 0.095 0.085
0 0.77625 0.04875 0.1025 0.0925
0 0.03125 0.42875 0.0575 0.0625
0 0.17375 0.61 0.0875 0.085
0 0.49125 0.96125 0.1175 0.0775
0 0.67625 0.17 0.0575 0.055
0 0.8125 0.21 0.08 0.075
0 0.43375 0.775 0.0875 0.095
0 0.8775 0.82 0.075 0.095
0 0.72875 0.25 0.0925 0.095
0 0.32125 0.795 0.0925 0.08
0 0.9625 0.5575 0.075 0.075
0 0.945 0.45 0.11 0.135
0 0.81 0.5975 0.06 0.075
0 0.935 0.66625 0.13 0.1275
0 0.72375 0.50375 0.0675 0.0675
0 0.64875 0.075 0.1475 0.145
0 0.06125 0.1225 0.1175 0.12
0 0.26125 0.92375 0.2075 0.1525
0 0.965 0.9475 0.07 0.105
0 0.9325 0.32 0.125 0.13
0 0.81375 0.29875 0.0825 0.1125
0 0.9275 0.08375 0.055 0.0725
0 0.86125 0.0525 0.0425 0.06
0 0.4925 0.2125 0.105 0.105
0 0.6075 0.21 0.115 0.105
0 0.48625 0.0825 0.1725 0.16
0 0.775 0.145 0.1 0.105
0 0.1775 0.52625 0.095 0.1025
0 0.07125 0.62375 0.1275 0.1325
0 0.24 0.68 0.09 0.1
0 0.97 0.2075 0.06 0.105
0 0.7275 0.3425 0.1 0.095
0 0.055 0.50625 0.105 0.0975
0 0.75 0.9075 0.12 0.13
0 0.86375 0.9175 0.1025 0.105
0 0.82375 0.46125 0.1375 0.1425
0 0.2525 0.18125 0.085 0.0625
0 0.325 0.1375 0.1 0.105
0 0.39625 0.2675 0.1225 0.14
0 0.32 0.72375 0.09 0.0975
0 0.13875 0.7475 0.0975 0.095
0 0.2175 0.785 0.1 0.11
0 0.04 0.73 0.075 0.09
0 0.24125 0.0825 0.1375 0.115
0 0.2825 0.345 0.125 0.105
0 0.5475 0.3725 0.225 0.195
0 0.565 0.54375 0.18 0.1725
0 0.955 0.8125 0.09 0.15
0 0.61 0.865 0.1 0.09
0 0.645 0.7025 0.09 0.1
0 0.67375 0.80375 0.1075 0.1225
0 0.4325 0.8825 0.12 0.105
0 0.32875 0.4825 0.1775 0.175
0 0.4025 0.58875 0.135 0.1125
0 0.08625 0.36125 0.1325 0.0925
0 0.09625 0.25125 0.1875 0.1425
0 0.49875 0.67375 0.1325 0.0975
0 0.65625 0.59625 0.0875 0.0925
0 0.7475 0.61 0.115 0.14
0 0.77625 0.74375 0.1425 0.1175
0 0.5275 0.7825 0.12 0.105
0 0.08 0.9125 0.155 0.15
