0 0.92875 0.41875 0.1425 0.1275
0 0.76875 0.065 0.1175 0.125
0 0.9225 0.28 0.155 0.155
0 0.91375 0.1 0.1725 0.185
0 0.64625 0.84625 0.2175 0.1925
0 0.8275 0.605 0.275 0.285
0 0.565 0.9525 0.175 0.095
0 0.085 0.73875 0.165 0.2625
0 0.32875 0.2225 0.1325 0.125
0 0.87 0.9275 0.16 0.145
0 0.31875 0.9625 0.0675 0.075
0 0.1575 0.91875 0.24 0.1625
0 0.3275 0.8625 0.09 0.08
0 0.385 0.6175 0.22 0.215
0 0.05625 0.395 0.1075 0.195
0 0.4675 0.3 0.14 0.14
0 0.54875 0.48625 0.1925 0.2025
0 0.6375 0.0725 0.17 0.14
0 0.50375 0.17625 0.0875 0.0975
0 0.13 0.12875 0.255 0.2525
