0 0.96625 0.61125 0.0675 0.0675
0 0.39875 0.96125 0.1475 0.0775
0 0.0225 0.95625 0.04 0.0825
0 0.79375 0.925 0.1175 0.13
0 0.96125 0.1775 0.0775 0.165
0 0.065 0.52875 0.12 0.1125
0 0.1225 0.31875 0.145 0.1875
0 0.55125 0.04125 0.1875 0.0775
0 0.92375 0.91375 0.1525 0.1725
0 0.60125 0.48625 0.1725 0.2025
0 0.26375 0.07375 0.1775 0.1425
0 0.94125 0.33375 0.1175 0.1375
0 0.9275 0.4925 0.145 0.17
0 0.305 0.86625 0.185 0.1775
0 0.4375 0.58625 0.195 0.2525
0 0.08875 0.675 0.1725 0.185
0 0.3075 0.68 0.165 0.185
0 0.32125 0.2925 0.1925 0.2
0 0.27125 0.44375 0.1525 0.1175
0 0.59125 0.22375 0.2625 0.2775
0 0.80375 0.30125 0.1925 0.2375
0 0.77125 0.52 0.1575 0.175
0 0.8825 0.7225 0.165 0.155
0 0.6225 0.71125 0.195 0.1725
0 0.61375 0.87625 0.1575 0.1225
